[20.145473191290883, 19.791426741518325, 19.791426741518325, 19.791426741518325, 19.791426741518325, 19.791426741518325, 19.791426741518325, 19.791426741518325, 19.791426741518325, 19.791426741518325, 19.791426741518325, 19.791426741518325, 19.791426741518325, 19.791426741518325, 19.791426741518325, 19.791426741518325, 19.791426741518325, 19.791426741518325, 19.791426741518325], 
[20.03375361842803, 19.807243592778928, 19.807243592778928, 19.807243592778928, 19.807243592778928, 19.807243592778928, 19.807243592778928, 19.807243592778928, 19.807243592778928, 19.807243592778928, 19.807243592778928, 19.807243592778928, 19.807243592778928, 19.807243592778928, 19.807243592778928, 19.807243592778928, 19.807243592778928, 19.807243592778928, 19.807243592778928], 
[19.967925654572998, 19.881522557022354, 19.881522557022354, 19.881522557022354, 19.881522557022354, 19.881522557022354, 19.881522557022354, 19.881522557022354, 19.881522557022354, 19.881522557022354, 19.881522557022354, 19.881522557022354, 19.881522557022354, 19.881522557022354, 19.881522557022354, 19.881522557022354, 19.881522557022354, 19.881522557022354, 19.881522557022354], 
[19.9155834122581, 19.689575346413214, 19.689575346413214, 19.689575346413214, 19.689575346413214, 19.689575346413214, 19.689575346413214, 19.689575346413214, 19.689575346413214, 19.689575346413214, 19.689575346413214, 19.689575346413214, 19.689575346413214, 19.689575346413214, 19.689575346413214, 19.689575346413214, 19.689575346413214, 19.689575346413214, 19.689575346413214], 
[19.888232791055433, 19.884878222542593, 19.884878222542593, 19.884878222542593, 19.884878222542593, 19.884878222542593, 19.884878222542593, 19.884878222542593, 19.884878222542593, 19.884878222542593, 19.884878222542593, 19.884878222542593, 19.884878222542593, 19.884878222542593, 19.884878222542593, 19.884878222542593, 19.884878222542593, 19.884878222542593, 19.884878222542593],
[19.846204507628368, 19.82187507599488, 19.82187507599488, 19.82187507599488, 19.82187507599488, 19.82187507599488, 19.82187507599488, 19.82187507599488, 19.82187507599488, 19.82187507599488, 19.82187507599488, 19.82187507599488, 19.82187507599488, 19.82187507599488, 19.82187507599488, 19.82187507599488, 19.82187507599488, 19.82187507599488, 19.82187507599488],
[19.980365774135578, 19.74948892996757, 19.74948892996757, 19.74948892996757, 19.74948892996757, 19.74948892996757, 19.74948892996757, 19.74948892996757, 19.74948892996757, 19.74948892996757, 19.74948892996757, 19.74948892996757, 19.74948892996757, 19.74948892996757, 19.74948892996757, 19.74948892996757, 19.74948892996757, 19.74948892996757, 19.74948892996757],
[19.913502729826533, 19.913502729826533, 19.913502729826533, 19.913502729826533, 19.913502729826533, 19.913502729826533, 19.913502729826533, 19.913502729826533, 19.913502729826533, 19.913502729826533, 19.913502729826533, 19.913502729826533, 19.913502729826533, 19.913502729826533, 19.913502729826533, 19.913502729826533, 19.913502729826533, 19.913502729826533, 19.913502729826533],
[20.083912259976252, 19.8499752268818, 19.8499752268818, 19.8499752268818, 19.8499752268818, 19.8499752268818, 19.8499752268818, 19.8499752268818, 19.8499752268818, 19.8499752268818, 19.8499752268818, 19.8499752268818, 19.8499752268818, 19.8499752268818, 19.8499752268818, 19.8499752268818, 19.8499752268818, 19.8499752268818, 19.8499752268818],
[19.883215659943726, 19.837563688214512, 19.837563688214512, 19.837563688214512, 19.837563688214512, 19.837563688214512, 19.837563688214512, 19.837563688214512, 19.837563688214512, 19.837563688214512, 19.837563688214512, 19.837563688214512, 19.837563688214512, 19.837563688214512, 19.837563688214512, 19.837563688214512, 19.837563688214512, 19.837563688214512, 19.837563688214512],
[20.030111349644304, 19.951907886082463, 19.951907886082463, 19.951907886082463, 19.951907886082463, 19.951907886082463, 19.951907886082463, 19.951907886082463, 19.951907886082463, 19.951907886082463, 19.951907886082463, 19.951907886082463, 19.951907886082463, 19.951907886082463, 19.951907886082463, 19.951907886082463, 19.951907886082463, 19.951907886082463, 19.951907886082463],
[20.137925359959482, 19.91245572863398, 19.91245572863398, 19.91245572863398, 19.91245572863398, 19.91245572863398, 19.91245572863398, 19.91245572863398, 19.91245572863398, 19.91245572863398, 19.91245572863398, 19.91245572863398, 19.91245572863398, 19.91245572863398, 19.91245572863398, 19.91245572863398, 19.91245572863398, 19.91245572863398, 19.91245572863398],
[19.93867115730312, 19.5629773898718, 19.5629773898718, 19.5629773898718, 19.5629773898718, 19.5629773898718, 19.5629773898718, 19.5629773898718, 19.5629773898718, 19.5629773898718, 19.5629773898718, 19.5629773898718, 19.5629773898718, 19.5629773898718, 19.5629773898718, 19.5629773898718, 19.5629773898718, 19.5629773898718, 19.5629773898718],
[20.04478608086841, 19.886941232732966, 19.886941232732966, 19.886941232732966, 19.886941232732966, 19.886941232732966, 19.886941232732966, 19.886941232732966, 19.886941232732966, 19.886941232732966, 19.886941232732966, 19.886941232732966, 19.886941232732966, 19.886941232732966, 19.886941232732966, 19.886941232732966, 19.886941232732966, 19.886941232732966, 19.886941232732966],
[19.99235228858619, 19.99235228858619, 19.99235228858619, 19.99235228858619, 19.99235228858619, 19.99235228858619, 19.99235228858619, 19.99235228858619, 19.99235228858619, 19.99235228858619, 19.99235228858619, 19.99235228858619, 19.99235228858619, 19.99235228858619, 19.99235228858619, 19.99235228858619, 19.99235228858619, 19.99235228858619, 19.99235228858619], 
[20.05489135304709, 20.05489135304709, 20.05489135304709, 20.05489135304709, 20.05489135304709, 20.05489135304709, 20.05489135304709, 20.05489135304709, 20.05489135304709, 20.05489135304709, 20.05489135304709, 20.05489135304709, 20.05489135304709, 20.05489135304709, 20.05489135304709, 20.05489135304709, 20.05489135304709, 20.05489135304709, 20.05489135304709], 
[20.065852069468743, 19.809207079361972, 19.809207079361972, 19.809207079361972, 19.809207079361972, 19.809207079361972, 19.809207079361972, 19.809207079361972, 19.809207079361972, 19.809207079361972, 19.809207079361972, 19.809207079361972, 19.809207079361972, 19.809207079361972, 19.809207079361972, 19.809207079361972, 19.809207079361972, 19.809207079361972, 19.809207079361972], 
[20.003058620953578, 19.915954588176827, 19.915954588176827, 19.915954588176827, 19.915954588176827, 19.915954588176827, 19.915954588176827, 19.915954588176827, 19.915954588176827, 19.915954588176827, 19.915954588176827, 19.915954588176827, 19.915954588176827, 19.915954588176827, 19.915954588176827, 19.915954588176827, 19.915954588176827, 19.915954588176827, 19.915954588176827], 
[19.814926293277445, 19.814926293277445, 19.814926293277445, 19.814926293277445, 19.814926293277445, 19.814926293277445, 19.814926293277445, 19.814926293277445, 19.814926293277445, 19.814926293277445, 19.814926293277445, 19.814926293277445, 19.814926293277445, 19.814926293277445, 19.814926293277445, 19.814926293277445, 19.814926293277445, 19.814926293277445, 19.814926293277445], 
[19.978890460576014, 19.726093262677175, 19.726093262677175, 19.726093262677175, 19.726093262677175, 19.726093262677175, 19.726093262677175, 19.726093262677175, 19.726093262677175, 19.726093262677175, 19.726093262677175, 19.726093262677175, 19.726093262677175, 19.726093262677175, 19.726093262677175, 19.726093262677175, 19.726093262677175, 19.726093262677175, 19.726093262677175], 
[20.00887728127696, 19.91468749664917, 19.91468749664917, 19.91468749664917, 19.91468749664917, 19.91468749664917, 19.91468749664917, 19.91468749664917, 19.91468749664917, 19.91468749664917, 19.91468749664917, 19.91468749664917, 19.91468749664917, 19.91468749664917, 19.91468749664917, 19.91468749664917, 19.91468749664917, 19.91468749664917, 19.91468749664917], 
[19.688608668367785, 19.688608668367785, 19.688608668367785, 19.688608668367785, 19.688608668367785, 19.688608668367785, 19.688608668367785, 19.688608668367785, 19.688608668367785, 19.688608668367785, 19.688608668367785, 19.688608668367785, 19.688608668367785, 19.688608668367785, 19.688608668367785, 19.688608668367785, 19.688608668367785, 19.688608668367785, 19.688608668367785], 
[20.14808231332242, 19.82787900190968, 19.82787900190968, 19.82787900190968, 19.82787900190968, 19.82787900190968, 19.82787900190968, 19.82787900190968, 19.82787900190968, 19.82787900190968, 19.82787900190968, 19.82787900190968, 19.82787900190968, 19.82787900190968, 19.82787900190968, 19.82787900190968, 19.82787900190968, 19.82787900190968, 19.82787900190968], 
[20.014171009789955, 19.846860400903456, 19.846860400903456, 19.846860400903456, 19.846860400903456, 19.846860400903456, 19.846860400903456, 19.846860400903456, 19.846860400903456, 19.846860400903456, 19.846860400903456, 19.846860400903456, 19.846860400903456, 19.846860400903456, 19.846860400903456, 19.846860400903456, 19.846860400903456, 19.846860400903456, 19.846860400903456], 
[19.902045619787213, 19.864610811578896, 19.864610811578896, 19.864610811578896, 19.864610811578896, 19.864610811578896, 19.864610811578896, 19.864610811578896, 19.864610811578896, 19.864610811578896, 19.864610811578896, 19.864610811578896, 19.864610811578896, 19.864610811578896, 19.864610811578896, 19.864610811578896, 19.864610811578896, 19.864610811578896, 19.864610811578896], 
