[424182900.4682291, 283669049.99485683, 163361666.85953355, 108059375.633437, 70914675.00921884, 42899704.22745121, 25947325.34647872, 16262150.057741985, 9211334.608153226, 5739017.547478137, 4129047.273239619, 2461964.8333598124, 1671680.24255168, 979895.727550252, 653322.0594563233, 437217.4904123129, 249255.9812267421, 189647.41447208516, 108608.8945738567, 83440.59965215952, 70817.13531103867, 45159.58490048522, 35880.10424787249, 29976.387966787257, 22837.507802080792, 16674.681814791198, 15419.843382594456, 12299.630528159238], 
[447799361.5058381, 266449681.24345994, 175409384.86763206, 111895983.18152015, 72072850.32283857, 40948177.495007016, 25651474.129409786, 15793326.869450985, 11139572.97051979, 6871794.33927168, 4815983.784833588, 2652637.4390923777, 1852593.06863853, 1265562.9600708224, 860012.9988210704, 526495.1871489327, 358899.8191809997, 254996.3691306353, 169460.95575146237, 102870.08767624016, 75734.14463427073, 63454.44949797904, 51675.35251075635, 38174.985807723446, 31238.395874119302, 27949.439944549184, 22679.250797580957, 18396.794933132936], 
[405797062.4381721, 286463999.95646834, 153661908.28749725, 113168070.51578721, 67665681.28013363, 37503950.7310462, 26110298.559610605, 14354963.446101036, 8565670.242818756, 6510005.588090207, 4114053.5088720927, 2426449.785747135, 1612698.2163798404, 1042145.5705086673, 644055.1483755801, 426969.1638094274, 295244.64155375934, 199856.85345236753, 135507.75249112997, 90867.2450991429, 68103.56665886207, 50907.53428499472, 38218.1689890258, 29681.648085568944, 22927.79092226178, 17864.63604427228, 14262.400630462098, 12607.530093256173], 
[483424286.21921545, 288647429.4931248, 188917678.8772528, 113839558.86377124, 62187035.91221066, 43541888.375844575, 26204618.976783756, 16395198.848077621, 10246616.88211667, 6473429.08820684, 3719871.6097106524, 2263891.943176295, 1736728.1965797225, 1081537.3125128634, 785088.8206250786, 472246.97185975267, 302367.87989530794, 215463.1899856734, 148940.95160990025, 97977.74083362259, 73037.76367411413, 52770.242296641496, 46343.611060130694, 32406.168569968133, 25449.668366801194, 18355.746240906017, 16012.894250538455, 13740.064380193193], 
[502749135.0362199, 317111193.1704992, 178006232.87710434, 111271774.24213493, 66640005.31287499, 40810929.924560465, 24520148.538951285, 17849505.853215266, 9787562.613319008, 6427554.794157255, 3822250.408314398, 2360563.141572791, 1342840.1093043562, 969479.9874815594, 613351.7923531781, 374467.48565275565, 253948.513894815, 176723.73892115726, 113571.62747345913, 82711.38427349502, 63306.1963048253, 47013.200773687495, 37027.84669358973, 27814.866705633194, 20919.600229147654, 15833.042399335567, 15833.042399335567, 13643.933418805253], 
[451328759.8173983, 282476979.52480763, 171888183.5653196, 112600900.56699267, 68509997.08963765, 43191067.593706556, 27745791.115873788, 18778159.93726731, 11270217.935737034, 7703004.178556351, 4074705.363032683, 2389099.87602453, 1603776.2992735219, 972673.2402259011, 647089.3306396093, 369479.0940937872, 279324.3059987602, 198757.17365302477, 126280.15653288836, 108150.42978096716, 74769.63582891441, 52543.082622860835, 36529.15231346246, 24634.167240151284, 20899.450685258555, 18404.065765885196, 15249.783964192788, 13194.829689564225],
[530680360.7958224, 411004238.2069309, 252352973.56341678, 158725965.55014762, 131961632.57083581, 90805607.587911, 71137154.22142133, 47895413.18825016, 30756218.862455837, 25924329.743015513, 16037931.530101374, 11515848.720281878, 7390346.45413805, 6267193.788294208, 3991058.7444477817, 2661263.978908358, 1728664.800886251, 1327610.2365876045, 989647.4295321312, 699808.2075859454, 516456.89750169386, 410000.8627733479, 312305.0987375944, 231410.9440675456, 180238.31711017693, 136219.60339609176, 81481.04658297838, 71681.54162377682, 53634.51139743652],
[540628862.9060951, 398472338.0866832, 285410206.22710186, 197967705.19194472, 150166620.74384144, 112287893.8748574, 64217983.30101548, 46686909.26358852, 31972613.123712655, 20175251.36533101, 14481438.069161693, 9985665.616700597, 6601209.708493146, 4883598.185756895, 3359628.3663050663, 2432094.9291913374, 1700408.2631780338, 1187852.2987029664, 926323.4850724905, 625665.4117004904, 464871.6238089012, 328838.4864007893, 237575.79958668686, 191777.80841318148, 131732.48898037107, 98690.60750357904, 73528.82505268074, 63110.84248142473, 54924.83733725262], 
[574760105.3919432, 378027714.68248343, 269356648.0010933, 193870957.04403, 151594202.53045568, 105472474.9388409, 54044910.912667826, 39692435.4395922, 30254197.221513633, 23331448.558710717, 18651560.560185462, 11557966.513246391, 9045274.544955153, 6402759.332588801, 4351840.746805402, 2994684.7271738756, 2031538.4994486615, 1543450.0810990022, 1192205.3115466842, 822811.7738987394, 560889.5484316479, 401573.6456707665, 301472.4848153473, 204637.98053228934, 146379.7322571316, 123828.89629244692, 85856.67921838343, 73118.8443838225, 55596.55141893657], 
[539645066.3736427, 382787416.1600372, 288914159.5375287, 198407761.3284674, 132581179.4928145, 83663984.94851656, 52259644.715337284, 40737417.74365382, 26610777.89217975, 18962956.2417341, 12857026.007857664, 8222233.582270936, 5527357.082583495, 3966969.8418662082, 2901011.7593536475, 2158760.5374114453, 1401714.9813705743, 1073069.5719561514, 788810.4655739511, 570290.2540528004, 402448.57237557485, 289192.67330784263, 210976.8600068556, 150249.33777016558, 116062.706236942, 91033.98583913835, 72944.99255011472, 52782.77860092542, 44050.421639747605], 
[582168572.7390182, 362929936.62183046, 253120277.24290523, 196822132.10479888, 135845691.60514742, 97141288.59049237, 65192381.36944857, 45603658.906161964, 27504749.024206083, 21715429.688998338, 15745799.835003626, 9486008.075178383, 6787791.912402565, 4836646.479248836, 3480422.6682440215, 2636381.3413404436, 1891889.6532919542, 1317495.2861796473, 942195.5457059501, 744993.1359287875, 519487.75410235085, 383457.1751062637, 256453.44291274736, 235735.71443894622, 185174.46766616704, 108790.6171704657, 95462.68114745617, 72030.05131927878, 58972.64870173552], 
[528683816.35683846, 356312757.12975645, 283478124.41612166, 186672853.37605554, 123516597.81438036, 89283559.53590807, 61622746.56401908, 43950818.80712059, 29746460.34949935, 19562781.05688408, 15720718.727206167, 11594950.621142766, 8133402.624645745, 5938333.208312295, 4437854.839584792, 3081719.030007601, 2158372.725753297, 1622437.340406693, 1026440.5874788878, 749514.6147971618, 497292.4139060088, 409875.89053003053, 282284.4894715583, 225439.89797742988, 166521.82565364352, 120889.25065739392, 96097.38775782102, 82641.70774635892, 65664.13502144802], 
[576526116.7825617, 412211647.7229615, 302631849.0944832, 217866293.03888047, 143884227.346164, 101013724.62342715, 64659315.22563492, 48342303.625028834, 35155672.82592418, 20481442.150899872, 17080907.016866304, 12498166.110273255, 8853458.542162916, 6019198.3293472575, 4468206.330383062, 3189347.293001318, 2031892.6305066135, 1377999.4635583346, 1015338.5143159099, 703368.5206303108, 582015.9307874726, 440681.46720107656, 272829.2779673708, 210522.1626217347, 154300.3983352918, 116079.24635523553, 95000.8005214262, 65947.33735758327, 60621.136223130365], 
[539746420.8655347, 413617496.40168333, 293045400.55631757, 186933162.67283118, 139042687.21923396, 87479606.23401277, 55661394.26810297, 42211547.74860761, 31619042.48508154, 23080983.929472443, 16631835.378380647, 12043913.216972472, 8262176.116243642, 5703949.967292855, 4089936.1888411767, 3035694.924593213, 2209103.98605636, 1581671.8252308338, 996625.77531155, 727471.637271643, 504897.1300367925, 386590.3239633215, 302304.41396780714, 219301.6880285049, 198183.65411773356, 144184.3286957247, 78537.05218805838, 72046.18102413761, 52781.21834520777], 
[553498745.7251748, 345881283.40719604, 261490868.34066007, 201179708.00774902, 128385872.39104593, 101411128.41729717, 70291193.1158076, 42072014.629130386, 26818310.260313913, 19335840.50169604, 13217081.314341296, 9632279.985113109, 7251678.981803183, 4869520.401690076, 3114122.6441442384, 2171631.2665657317, 1658663.240438238, 1174219.1080158567, 840356.6389079697, 560095.2015017493, 406849.5589205831, 281065.55494199134, 242804.03088551952, 164465.7025586083, 125872.1590680233, 81582.59836453696, 71238.55186991066, 54694.64902874774, 40047.40287760029], 
[553359048.4452876, 393916851.8370865, 293548109.5298788, 210233865.6655813, 134137774.109161, 91488673.80860357, 66696729.423520245, 47538994.96598639, 35233013.788602985, 23837676.61507345, 16104869.339708457, 11520298.118072584, 9179418.153044473, 6246637.234663904, 3895821.4745431687, 2887512.280464721, 2016710.393489986, 1477036.1313721081, 1102862.5319777, 774759.7524739507, 445720.009254325, 376250.3046206435, 293783.40701241296, 181013.79132502177, 136455.09054639866, 112187.93584333133, 85437.16796180609, 61807.30845262196, 53264.05535927364], 
[551907568.1927285, 419668020.7817762, 289025825.59068924, 190964201.85535023, 131739683.5153751, 96357192.27040236, 59363811.323737025, 38659676.56258692, 27063993.066234358, 19677273.24596844, 17008917.414844394, 10378044.435104525, 7826409.823726199, 6027382.664964422, 4026782.5558913224, 2470751.714129279, 1993663.286306699, 1429089.2462243037, 1097660.6196866059, 718936.374064322, 486740.66572665516, 388649.7183640256, 304296.9592183213, 179713.82214041936, 158449.03446812043, 117718.49347590214, 80291.80168972079, 65495.59315887179, 53914.84025472893], 
[547744533.4140899, 417008243.1161698, 261692956.4333023, 193001406.05064943, 135667569.6946254, 98155814.79441193, 70245847.48036262, 48988008.95749573, 29425333.642813545, 22870858.779485505, 16113429.29815861, 12078389.828509834, 7973944.6843332155, 5826115.567924069, 4250334.8840056835, 2786342.9798117955, 2088110.853907586, 1503728.2154648292, 1082657.8004000846, 883926.2015574739, 660557.3729266283, 477086.2192079665, 327001.68159613176, 278009.9455408061, 211873.08425957672, 143078.61855555707, 131056.52431646141, 90474.03206044757, 69117.56596835781], 
[584216563.8118912, 407145838.6493674, 319774714.6642726, 219738203.9245519, 149527810.9153236, 110957536.98516232, 80962582.74435304, 54944345.08780606, 43866515.824175365, 28616089.235977054, 19590650.63160205, 12990554.326091165, 8996884.501279417, 6807968.029666695, 4255867.085163791, 3232035.015057899, 2233636.2799774567, 1779944.3235238255, 1186089.1403245437, 846429.3523143494, 613659.0406876027, 463391.2204585971, 353943.1573146806, 270683.042736444, 198700.14141908704, 161694.48816751406, 124015.12498851996, 93525.68340344891, 68504.51156688588], 
[565714446.9693977, 326513656.37229925, 204253618.01109087, 173724632.94868362, 114351875.31339344, 63799580.49637513, 49932012.73941041, 34333316.70031046, 25286000.274713896, 17760978.685684092, 12109210.815039141, 8573207.656415245, 6175828.05911258, 4103517.200344081, 2532436.3491131514, 1815648.593072336, 1208661.193596771, 819380.5182174628, 635447.2038660053, 496642.9053045911, 388439.89441145083, 268299.829988148, 206789.2752923291, 176692.01552716503, 118855.88775018563, 91856.90343318351, 86558.47096841781, 69464.5767926436, 49057.28259116226], 
[510712951.8357659, 340121917.0112562, 252113237.70571336, 139208920.4429903, 90864797.0895398, 67906541.89108421, 52166174.08576653, 38139079.33620069, 22981655.25525993, 17613883.861419298, 11245972.743527891, 8400960.906115513, 7047058.8228506185, 5527509.006188835, 3646548.35073928, 2631501.7032859754, 1950524.7655577445, 1464634.3552132726, 960114.3719445531, 644563.5738995016, 529213.6114936463, 403257.8105055337, 295735.27411419654, 223724.07779563536, 152347.4966744585, 122740.57819299208, 93263.65462007729, 66508.77950424403, 56170.33068511819], 
[597634878.4398631, 395402088.7861096, 287670507.6212142, 201375709.5847519, 142717372.5595885, 100508514.84515223, 68807589.55656306, 51149226.544474535, 34688187.471715234, 25595269.161219895, 18768724.297858443, 10605746.36018047, 7849865.324490433, 4780299.628411166, 3277701.2222912167, 2801358.667254324, 1715997.0730697976, 1307323.4904200586, 1005483.8549695292, 756262.6399978811, 473728.08738403325, 339643.1462906302, 304588.4154910359, 254202.4966267629, 187645.04041789807, 137810.51175683065, 101384.74301061884, 74596.97077918872, 64742.10619048519], 
[571517464.8628367, 360833247.7528995, 256827686.4219938, 193678903.4479889, 143557224.1834898, 95099349.09168942, 62365046.8661417, 48893204.94524282, 31755245.13354795, 22501751.673662767, 16028002.795395192, 11401662.025002955, 7065321.973634038, 5263714.674927942, 3599140.2171213278, 2546958.3288371516, 1992976.6769486298, 1263827.2615570743, 980714.050274482, 701024.458052289, 438658.6005559234, 294209.1476874473, 247467.2473157372, 165190.2116817481, 136874.86247180426, 102987.91790941564, 70826.2178576732, 55133.20801137735, 47378.80950698859], 
[502749135.0362199, 317111193.1704992, 178006232.87710434, 111271774.24213493, 66640005.31287499, 40810929.924560465, 24520148.538951285, 17849505.853215266, 9787562.613319008, 6427554.794157255, 3822250.408314398, 2360563.141572791, 1342840.1093043562, 969479.9874815594, 613351.7923531781, 374467.48565275565, 253948.513894815, 176723.73892115726, 113571.62747345913, 82711.38427349502, 63306.1963048253, 47013.200773687495, 37027.84669358973, 27814.866705633194, 20919.600229147654, 15833.042399335567, 15833.042399335567, 13643.933418805253],
[539645066.3736427, 382787416.1600372, 288914159.5375287, 198407761.3284674, 132581179.4928145, 83663984.94851656, 52259644.715337284, 40737417.74365382, 26610777.89217975, 18962956.2417341, 12857026.007857664, 8222233.582270936, 5527357.082583495, 3966969.8418662082, 2901011.7593536475, 2158760.5374114453, 1401714.9813705743, 1073069.5719561514, 788810.4655739511, 570290.2540528004, 402448.57237557485, 289192.67330784263, 210976.8600068556, 150249.33777016558, 116062.706236942, 91033.98583913835, 72944.99255011472, 52782.77860092542, 44050.421639747605],
