[6408.7368545956815, 6408.7368545956815, 6408.7368545956815, 6408.7368545956815, 6408.7368545956815, 6408.7368545956815, 6408.7368545956815, 6408.7368545956815, 6408.7368545956815, 6408.7368545956815, 6408.7368545956815, 6408.7368545956815, 6408.7368545956815, 6408.7368545956815, 6408.7368545956815, 6408.7368545956815, 6408.7368545956815, 6408.7368545956815, 6408.7368545956815], 
[6557.722481168791, 6557.722481168791, 6557.722481168791, 6557.722481168791, 6557.722481168791, 6557.722481168791, 6557.722481168791, 6557.722481168791, 6557.722481168791, 6557.722481168791, 6557.722481168791, 6557.722481168791, 6557.722481168791, 6557.722481168791, 6557.722481168791, 6557.722481168791, 6557.722481168791, 6557.722481168791, 6557.722481168791], 
[6580.930297799353, 6580.930297799353, 6580.930297799353, 6580.930297799353, 6580.930297799353, 6580.930297799353, 6580.930297799353, 6580.930297799353, 6580.930297799353, 6580.930297799353, 6580.930297799353, 6580.930297799353, 6580.930297799353, 6580.930297799353, 6580.930297799353, 6580.930297799353, 6580.930297799353, 6580.930297799353, 6580.930297799353], 
[6474.159641859131, 6474.159641859131, 6474.159641859131, 6474.159641859131, 6474.159641859131, 6474.159641859131, 6474.159641859131, 6474.159641859131, 6474.159641859131, 6474.159641859131, 6474.159641859131, 6474.159641859131, 6474.159641859131, 6474.159641859131, 6474.159641859131, 6474.159641859131, 6474.159641859131, 6474.159641859131, 6474.159641859131], 
[6499.616224064005, 6499.616224064005, 6499.616224064005, 6499.616224064005, 6499.616224064005, 6499.616224064005, 6499.616224064005, 6499.616224064005, 6499.616224064005, 6499.616224064005, 6499.616224064005, 6499.616224064005, 6499.616224064005, 6499.616224064005, 6499.616224064005, 6499.616224064005, 6499.616224064005, 6499.616224064005, 6499.616224064005], 
[6587.0662910655365, 6587.0662910655365, 6587.0662910655365, 6587.0662910655365, 6587.0662910655365, 6587.0662910655365, 6587.0662910655365, 6587.0662910655365, 6587.0662910655365, 6587.0662910655365, 6587.0662910655365, 6587.0662910655365, 6587.0662910655365, 6587.0662910655365, 6587.0662910655365, 6587.0662910655365, 6587.0662910655365, 6587.0662910655365, 6587.0662910655365], 
[6521.399565140137, 6521.399565140137, 6521.399565140137, 6521.399565140137, 6521.399565140137, 6521.399565140137, 6521.399565140137, 6521.399565140137, 6521.399565140137, 6521.399565140137, 6521.399565140137, 6521.399565140137, 6521.399565140137, 6521.399565140137, 6521.399565140137, 6521.399565140137, 6521.399565140137, 6521.399565140137, 6521.399565140137], 
[6482.506724193271, 6482.506724193271, 6482.506724193271, 6482.506724193271, 6482.506724193271, 6482.506724193271, 6482.506724193271, 6482.506724193271, 6482.506724193271, 6482.506724193271, 6482.506724193271, 6482.506724193271, 6482.506724193271, 6482.506724193271, 6482.506724193271, 6482.506724193271, 6482.506724193271, 6482.506724193271, 6482.506724193271], 
[6506.164100083323, 6506.164100083323, 6506.164100083323, 6506.164100083323, 6506.164100083323, 6506.164100083323, 6506.164100083323, 6506.164100083323, 6506.164100083323, 6506.164100083323, 6506.164100083323, 6506.164100083323, 6506.164100083323, 6506.164100083323, 6506.164100083323, 6506.164100083323, 6506.164100083323, 6506.164100083323, 6506.164100083323], 
[6579.896209211607, 6579.896209211607, 6579.896209211607, 6579.896209211607, 6579.896209211607, 6579.896209211607, 6579.896209211607, 6579.896209211607, 6579.896209211607, 6579.896209211607, 6579.896209211607, 6579.896209211607, 6579.896209211607, 6579.896209211607, 6579.896209211607, 6579.896209211607, 6579.896209211607, 6579.896209211607, 6579.896209211607], 
[6606.35614106867, 6606.35614106867, 6606.35614106867, 6606.35614106867, 6606.35614106867, 6606.35614106867, 6606.35614106867, 6606.35614106867, 6606.35614106867, 6606.35614106867, 6606.35614106867, 6606.35614106867, 6606.35614106867, 6606.35614106867, 6606.35614106867, 6606.35614106867, 6606.35614106867, 6606.35614106867, 6606.35614106867], 
[6469.416963163389, 6460.466368708621, 6460.466368708621, 6460.466368708621, 6460.466368708621, 6460.466368708621, 6460.466368708621, 6460.466368708621, 6460.466368708621, 6460.466368708621, 6460.466368708621, 6460.466368708621, 6460.466368708621, 6460.466368708621, 6460.466368708621, 6460.466368708621, 6460.466368708621, 6460.466368708621, 6460.466368708621], 
[6341.883471086285, 6341.883471086285, 6341.883471086285, 6341.883471086285, 6341.883471086285, 6341.883471086285, 6341.883471086285, 6341.883471086285, 6341.883471086285, 6341.883471086285, 6341.883471086285, 6341.883471086285, 6341.883471086285, 6341.883471086285, 6341.883471086285, 6341.883471086285, 6341.883471086285, 6341.883471086285, 6341.883471086285], 
[6401.7762230963135, 6401.7762230963135, 6401.7762230963135, 6401.7762230963135, 6401.7762230963135, 6401.7762230963135, 6401.7762230963135, 6401.7762230963135, 6401.7762230963135, 6401.7762230963135, 6401.7762230963135, 6401.7762230963135, 6401.7762230963135, 6401.7762230963135, 6401.7762230963135, 6401.7762230963135, 6401.7762230963135, 6401.7762230963135, 6401.7762230963135], 
[6362.178621266309, 6362.178621266309, 6362.178621266309, 6362.178621266309, 6362.178621266309, 6362.178621266309, 6362.178621266309, 6362.178621266309, 6362.178621266309, 6362.178621266309, 6362.178621266309, 6362.178621266309, 6362.178621266309, 6362.178621266309, 6362.178621266309, 6362.178621266309, 6362.178621266309, 6362.178621266309, 6362.178621266309], 
[6514.477360956476, 6514.477360956476, 6514.477360956476, 6514.477360956476, 6514.477360956476, 6514.477360956476, 6514.477360956476, 6514.477360956476, 6514.477360956476, 6514.477360956476, 6514.477360956476, 6514.477360956476, 6514.477360956476, 6514.477360956476, 6514.477360956476, 6514.477360956476, 6514.477360956476, 6514.477360956476, 6514.477360956476], 
[6318.244846480328, 6318.244846480328, 6318.244846480328, 6318.244846480328, 6318.244846480328, 6318.244846480328, 6318.244846480328, 6318.244846480328, 6318.244846480328, 6318.244846480328, 6318.244846480328, 6318.244846480328, 6318.244846480328, 6318.244846480328, 6318.244846480328, 6318.244846480328, 6318.244846480328, 6318.244846480328, 6318.244846480328], 
