[2277686220.4019527, 617517845.9225147, 80898839.136702, 18432621.011559416, 4232398.920414827, 1177249.9499983334, 471822.68766480405, 185646.06932744535, 90023.70592855186, 52744.01993742919, 31710.096846991823, 19668.826606046063, 15725.230400261726, 12045.862525543158, 9607.722133227187, 7864.563327419458, 6504.281133120505, 5648.52468127612, 4661.631511503234, 4114.28920142798, 3723.06586083578, 3331.779106530514, 3047.6119271539683, 2634.1546016721845], 
[2430747595.3683405, 568131376.1958125, 92281043.31436937, 21613456.64461577, 4496454.092209838, 957393.9426492667, 379942.7833670389, 151357.07241943877, 71203.12948662198, 39264.643547683765, 22799.06612026418, 18679.294465964143, 14124.741681001751, 10589.256969459731, 8956.582461258728, 7288.790549114213, 6030.4573321635535, 4964.328553295727, 4739.577033716008, 4202.080973987014, 3695.091959654403, 3151.893661379874, 3042.4166182521108, 2721.537413828182], 
[2321536630.727055, 530090488.06779003, 93976830.5430123, 17720545.021473117, 3245996.067862195, 1133995.5526103901, 385485.61272481177, 159139.96017690483, 82118.32812669784, 43606.58361597892, 27087.416338241102, 17398.823725722268, 12789.207086803153, 9944.44875841873, 7809.282913560383, 6366.247294398533, 6051.842247475929, 4791.796971244587, 4203.237439802487, 3593.969498980638, 3453.0432367429885, 3107.6164688556355, 2789.3028454411483, 2620.941005528651], 
[2452378329.849727, 496429542.4830922, 102281264.84896226, 18697653.410928965, 4450064.404388348, 1258489.8777128423, 485308.2155212149, 204322.0035044754, 91991.58569015557, 47819.94064420678, 31845.613523710246, 18630.50263765992, 13613.447172797769, 9646.673697770828, 7103.178419784632, 6275.691158270007, 5237.379367300892, 4619.445217755021, 4139.965438604277, 3699.8218032484087, 3294.993145925049, 3004.005840985782, 2871.4950332125, 2417.712291785887], 
[2396403479.8428946, 591762408.1077592, 121714159.42232859, 18421847.644850917, 4483841.510713353, 1112356.7085662563, 479888.71824212885, 215209.83024651627, 104643.48137651364, 58899.21460732852, 31375.935675655368, 19829.550722177803, 14440.327045864993, 10708.84926335066, 8698.959004397855, 7473.550289238236, 6002.843091547572, 5594.241790728936, 4917.442053621787, 4196.076979489569, 3851.9589236475313, 3550.3540013817133, 3224.668940403938, 3015.5905529771944], 
[2387402546.144888, 594364479.8270798, 102484887.23255919, 19205833.633687418, 3885056.0398011804, 1033002.3755812229, 362810.55494456756, 140225.65226515895, 66183.54263335867, 40568.6960063137, 25467.00245866688, 16988.989466241983, 12971.06061925101, 10259.361197258364, 8099.500161104626, 6512.1681757040205, 5305.889417406294, 4780.981962644245, 4141.2841259675915, 3630.560238401255, 3188.9053332412086, 3061.7750111780642, 2803.9130442299393, 2676.6060312819773], 
[2450803105.5793734, 577296935.6980425, 127354699.19207352, 20227732.021781255, 4254066.66970429, 1306033.7410393558, 438725.9232470373, 206214.4152361908, 92195.80971058029, 53054.66776646962, 32653.349106883827, 19311.96253694509, 14625.307160340819, 11460.892136769824, 8654.009869610118, 7596.083072477214, 6122.363431847369, 5442.245989949494, 4384.107989689018, 3983.33428243865, 3622.613679166424, 3124.7011694400603, 2819.588234285085, 2638.7344858163283], 
[2435627128.7943406, 582816539.8165772, 107143877.71272847, 19244726.737578727, 4726326.264310064, 1492259.707260522, 567251.736832325, 235765.02776462963, 100132.99691843019, 52012.96248668807, 30826.21966479253, 18220.08704271741, 13015.69389612277, 11072.702614815496, 8076.654540952122, 7137.2989129620755, 6070.081835797777, 5122.5591181432665, 4358.489399658384, 4108.335420351383, 3691.630724904354, 3383.335554311561, 3048.0167741313057, 2711.5086713565483], 
[2251453575.218186, 587552736.3934621, 107449663.6987467, 19634299.56205479, 4173333.0592307206, 933967.4249774171, 333742.729991705, 136456.7788447925, 64739.13358050943, 36890.85949963051, 24118.698979155273, 16725.09009426451, 12326.45483634465, 9752.642320201157, 8400.64460053035, 6834.3944879913, 5756.722137534892, 4952.149361711951, 4349.09858922831, 3866.9981866294306, 3415.048752314264, 3233.6417965923847, 2840.873617535596], 
[2389492169.531904, 609268934.1565704, 115131833.19587031, 21759984.3735436, 4248991.371395823, 1398700.430410016, 477036.00878975156, 228214.38419491396, 105667.00537512272, 56486.97915819931, 35055.25742067755, 22008.97958335696, 15366.763148952918, 11904.104153602197, 8629.568586328884, 7202.48911854515, 6489.26824877293, 5352.835711749729, 4959.548738999487, 4394.120841874468, 3943.6289927013595, 3405.5210066405634, 3035.9625862277826], 
[2501028069.13585, 637505548.3464117, 121481918.9489502, 17628604.203700002, 4149341.7387594245, 1147580.5991946443, 429434.1436029461, 173179.46191829114, 93039.12992435998, 51293.22409415027, 32547.0121718258, 19712.987061906406, 14590.664697301148, 10393.261761580427, 8365.98588853595, 7093.978851719332, 6381.06643545946, 5374.172418072285, 4850.050351736435, 4445.592226192569, 4039.148124641016, 3479.1475565005485, 3111.5266616228355], 
[2536328725.0085206, 515668599.87976605, 98907074.0795731, 20700446.155742966, 4662811.950263593, 1422877.0986850653, 521974.7879698558, 203884.5731863996, 92185.28799065716, 54574.00622447351, 32983.934332184006, 18952.461638417863, 14606.731905238961, 11088.274376128966, 8416.899238736833, 7247.784055218791, 5983.300844743548, 5431.897694615731, 4927.644925965062, 4219.9743020887445, 3877.500703656404, 3415.0195126013355, 3063.13378267104], 
[2500838039.12438, 565687286.6801369, 106728477.82013246, 16949151.32251146, 3691629.548182342, 958639.5897200549, 336910.4645995535, 140369.3373220782, 68225.81951404265, 38111.00920774542, 22118.47832233963, 16114.600151512921, 12182.958905392732, 10075.087374914123, 8074.994958938874, 6717.751453710647, 5894.348964826667, 5203.315151454988, 4505.165154290838, 3975.106383869072, 3801.875548663616, 3477.260978518842, 3229.5155391842895], 
[2520739928.044924, 499470646.29266125, 98337183.05642694, 13932850.095768124, 4499029.393737757, 1190372.7173599668, 373782.5715017523, 175231.69430825068, 87623.16632306189, 49477.192533692, 25915.366285896787, 18033.921162429364, 11513.557818413214, 10145.039168778429, 7230.932403655556, 6386.9059894912525, 5479.357421624322, 4673.8920466088675, 4645.114749782164, 3883.8543235811308, 3475.0321515261753, 3251.745223992581, 2913.1251903367147], 
[2528912140.4000497, 588988159.3971177, 117589251.76408479, 20822888.299072385, 3665263.756228222, 1076530.0071414455, 386394.7625183747, 169238.11954420587, 79368.36518946434, 42314.969593239235, 24871.512813162102, 19350.716499271253, 13580.982115290393, 10628.580905477713, 9090.49330850556, 7204.2990514716475, 6417.935541898198, 5198.911549706512, 4771.118262103132, 4384.831990477298, 3845.318995496016, 3391.56859270986, 3057.42999908681], 
[2468103714.7629642, 570396107.4509022, 96224126.88860466, 18106569.20493365, 4003546.8928511334, 1152894.2054434915, 417799.92717650766, 179180.35449909544, 101192.23111134028, 54619.29163746778, 31639.63576953309, 22293.126525016574, 13986.013997921393, 11594.831760208584, 10184.378422585689, 7982.521348835203, 6622.745983665523, 5354.545190730823, 4776.773558415896, 4196.5903221493745, 3772.4469195895213, 3496.460457495134, 3234.911555547876], 
[2292549068.881251, 559497216.7656482, 109551852.51026548, 18089264.15189672, 4225429.532530087, 1139560.2027178472, 413809.49760067987, 161711.2684972926, 86081.01732549384, 44928.50454829631, 27061.01275120456, 19406.8894656552, 12957.328316764146, 11263.68146262236, 8982.861957075616, 8077.573912096566, 5894.333217678145, 5753.004840516543, 5152.854536989361, 4695.019362599547, 4080.638305330735, 3712.3162638097183, 3445.117761530243], 
[2221254131.744503, 568163898.6218741, 97027405.72047578, 18731212.569132235, 3851455.7396935993, 1006614.174891047, 356957.42657113395, 138266.04987010296, 71084.27235470735, 39320.218304601505, 25025.91257838741, 17332.7204897649, 13349.851255379699, 10245.405099661975, 7949.799771196052, 6867.8294017646385, 5820.319327386176, 4767.331439138569, 4380.9010434766515, 3593.5578631413637, 3437.4203362397043, 3093.085820742148, 2883.250971267563], 
[2470332287.015022, 611437031.1005629, 109011712.65538703, 22124185.32139237, 4031585.875527625, 1039482.4058041229, 346397.01562215545, 157567.42563109857, 75345.60967162163, 39542.261561539584, 24758.19345206421, 15931.66761640601, 12671.468357730586, 10305.00320467528, 8491.7769104015, 6699.031599716459, 6169.036593647116, 5339.419699865189, 4872.9492609077215, 4302.212630255975, 3926.909167616934, 3470.6222361867126, 3291.547706497105], 
[2445858536.340565, 588162559.7655128, 120238055.42561176, 22029424.224347085, 4578104.100764731, 1181871.3620689437, 443222.22796847794, 157871.61770294298, 75034.9750579421, 45338.50779997445, 26878.116327097207, 19405.059245957433, 13545.300166080398, 11436.222036553432, 8592.03511285566, 7487.011395267148, 6121.9501953153185, 5332.189541626661, 4887.263499942918, 4381.967033418512, 3986.593317741574, 3756.8115205132135, 3392.7623151541043], 
[2008261620.4477026, 552854609.0972219, 108147407.36267953, 17287951.460067675, 3605212.925466315, 878171.9361091758, 258621.4630574155, 116920.6894046669, 57293.634073825284, 32540.509430491667, 20530.341237021636, 13744.688222760546, 10626.537920909914, 7808.220120768292, 7101.380524032348, 6208.018227794722, 5233.489108831244, 4506.155619837361, 4345.9106847150815, 3857.675952923614, 3541.0028632188983, 3256.3461442282915, 3201.31581720386], 
[2263510300.158943, 622673897.9101598, 118318894.75869821, 18308444.480557438, 3813569.859170479, 1129818.68333665, 463368.61180417816, 188772.20285672368, 98688.29284554589, 54496.20557746479, 32417.47071703158, 20170.612126454995, 15438.856815338653, 10792.898091839925, 9067.775608561482, 7550.036955299843, 6187.632878827829, 5214.6340410468765, 4768.506549461236, 3899.892445499064, 3381.8887730867914, 3118.5760949303176, 2961.7454999231945, 2684.0999071682195], 
[2487039523.398519, 611129001.3744335, 96797505.28987156, 16540923.508784967, 3864657.4954209593, 1075938.3847095442, 391112.16575514403, 195914.2220622257, 95756.32156837305, 54426.13647237612, 33347.92624698386, 20136.28745883237, 15943.664265495609, 12867.549351192243, 9890.58281019574, 7832.9253678460345, 6462.952762808271, 5226.120553481287, 4824.842866474214, 3894.963697339957, 3795.9247171526486, 3500.893775259102, 3001.0531913358354, 2974.7868933637924], 
[2313949751.9514585, 613176829.0655642, 118420782.47388965, 21970433.18332287, 4353043.036389188, 1305496.006477401, 457908.3519818547, 190318.67177849033, 92278.86083056212, 48518.84489270609, 27343.274332395642, 17343.0298241807, 13279.675241326293, 10547.213409744376, 8447.69453046111, 7053.295216442495, 5953.792487229254, 5180.8587161681735, 4528.281747998481, 4106.549472216122, 3688.3078410506, 3531.876222610704, 3078.0824996049187, 2897.279088126453], 
[2509387203.812366, 582600251.7737211, 113502065.33656694, 21225793.485920064, 4628824.253136338, 1188805.2339458356, 445176.3878689332, 223422.7213918077, 112454.81262454511, 50687.529647358635, 30552.439089936128, 21340.898245071618, 14656.846484219717, 10320.697697459027, 9106.009542255892, 7655.310110780434, 6616.983249975766, 5462.987625757938, 4946.979978608618, 4176.447786256909, 3900.2443257235095, 3394.541756094385, 3152.191148866842, 2724.907657678286], 
