[733271.2639127533, 352655.98407687875, 135058.22926964032, 59858.306844528975, 27120.15712769098, 14894.870590720855, 8071.098434658924, 5828.8957977029995, 3939.1855582213043, 2649.9335683488866, 1729.7846950617775, 1185.3695174905936, 786.141687896259, 491.7586271546983, 331.3307698143395, 220.9316139934126, 142.77546222191768, 92.0008528284824, 63.647998833182555], 
[784229.723297062, 348350.35913242906, 145401.56981670763, 64225.145988262484, 28647.694949946082, 16479.164826032436, 9949.746978055788, 6458.862891619755, 4019.9797369941584, 2585.690667910141, 1647.4537324799621, 1050.1907662812685, 649.6663102512323, 444.9722304646914, 309.99991278620075, 207.5897078389732, 134.62693913121848, 89.76020137914311, 54.397647649877285], 
[793891.8057623218, 365979.78427015874, 142031.0382206988, 57552.489237581874, 25318.78838153934, 13631.086862102267, 7877.35500769443, 4833.883186573543, 3215.4830149372683, 2176.112452808139, 1350.9046057888042, 950.1577859673865, 657.3615563493635, 447.77058772474913, 291.26244961766247, 191.85808585974473, 113.5493221786667, 80.54135376545977, 48.020070617148626], 
[773284.3995114606, 339997.2942656703, 145327.9232976513, 56195.89421321327, 24843.62200410346, 14213.787816024369, 8910.078246656985, 5938.376632790076, 3785.5981547079846, 2685.7113090018684, 1748.1739590513578, 1280.3318192634495, 879.732279981776, 625.5933169743654, 407.80675285505754, 269.4856571716171, 178.3386209347733, 118.32643207840457, 82.69045073923533], 
[759155.1506885915, 361830.8014143474, 138031.66402469875, 61574.97391287106, 27620.219848417855, 15621.287768937344, 8605.767091977936, 5735.544605226372, 4061.9663369435652, 2561.930946816639, 1801.828923958238, 1240.587320674327, 797.1898996901141, 536.2629772352622, 345.8673443556466, 222.0662827145674, 152.55780063475297, 98.12144808212871, 62.50093377865781], 
[783865.4982788853, 355223.88366458577, 148105.49152122645, 57090.59371108636, 25859.60994596415, 13419.938770082968, 8574.403557137104, 5579.065523739271, 3834.509347176253, 2512.6285835453523, 1618.3315448486346, 1134.8381323870408, 776.5411185623612, 547.7586199616385, 356.7386234941791, 246.25195245455402, 165.35654016199794, 111.69046299499267, 74.363482822762], 
[797482.0835095104, 355195.69757094997, 151577.74232909663, 55556.38008154273, 27038.044454125346, 14240.614419422383, 8041.031385452288, 5005.834971425018, 3224.364918915681, 2117.370661723301, 1489.8175588336082, 943.8725378514777, 663.7431327219183, 423.9246740943532, 274.2760456599175, 182.16436043092907, 132.5259678922105, 95.50626517018271, 67.68246209370365],
[781711.99771714, 349930.74189066584, 153199.5393614447, 59090.654504139915, 25129.000398641387, 14431.022994339979, 8645.728940715977, 5745.296170050381, 4001.5571834026036, 2614.332284125042, 1735.0025381516343, 1177.31073551286, 770.9956019581294, 480.498084975898, 337.11551433783535, 228.8875216868819, 154.2176388453038, 97.72944828951306, 59.03882627667879], 
[770242.0063998068, 348194.30830217054, 151476.0771770908, 59709.339779849266, 27006.274403235766, 13374.921197261792, 8506.072404528913, 4766.328322813785, 3246.380332606303, 2100.9103844488404, 1442.3262700789435, 1025.9542282702437, 657.204258523116, 440.4061879088107, 284.09830705076797, 192.39712625350424, 129.39840383532206, 84.91142257429932, 57.826096367232445], 
[799339.6424862655, 337320.0395774423, 155972.68444164985, 59916.738545800756, 27324.114926443595, 15973.465380887448, 9774.77636149816, 6366.4982469671695, 4037.4776005157287, 2747.0403983312203, 1769.4708397015822, 1191.4488438140058, 724.516131154644, 542.6208775426267, 363.7385882721586, 252.97592479237468, 172.13942341860127, 100.72553533218174, 63.39631364661225], 
[790139.51674515, 366016.27891572297, 158173.97058024813, 63615.33686575368, 29520.090404363964, 16143.906575644995, 9879.488265315942, 6179.416664095042, 4061.9617009739277, 2732.7676389625517, 1827.1864230771985, 1261.7306111673468, 831.5800100649724, 511.90112347514713, 318.05486712468326, 202.03729122842142, 121.32177998544427, 78.94148291923669, 54.01484344384017], 
[771457.1606043554, 336804.43590786017, 145921.08034054408, 58929.58973385087, 25283.60929692116, 13992.820785426577, 7870.011551379064, 5033.493512266367, 3214.898224969825, 2264.914536828135, 1442.0845667945619, 959.3201524296059, 688.6220308552229, 447.8193396489998, 290.3686893347407, 199.47621502932986, 126.83958565397528, 84.33280203735414, 55.524004096864715], 
[796326.7902463251, 338981.52578008955, 133666.56563227324, 56492.13324804811, 22348.181432512145, 12079.491854315935, 6794.337886800018, 4433.852079242869, 2746.393883144344, 1811.1187445247392, 1191.8583768909025, 867.2451275405049, 564.1315403679922, 418.5915638738159, 265.03083378574996, 166.17448966724, 116.7341900445457, 71.27457345235749, 49.56288465547237], 
[789470.836664914, 359717.73898896406, 144876.4174527674, 59021.814928285225, 26591.45707293813, 15108.805666091408, 8741.794514440391, 6184.275134030995, 3821.2559720844156, 2701.992666295552, 1745.258170250106, 1166.2878798024733, 833.8705962646334, 544.0039105677378, 360.8659595747641, 256.2573048801257, 157.78587885128422, 110.35176885150315, 74.86920797878487], 
[753399.9636447239, 344492.89422281506, 146547.5192668062, 57547.904263160046, 25697.145031393044, 15334.63954557699, 10672.409648072246, 7183.325606751956, 4671.165957634942, 2907.6592712112856, 1774.2583208296262, 1265.683954599086, 812.8573023385571, 557.9865390846616, 358.7790811014054, 231.21961009568932, 154.5766577297318, 101.25319815212461, 64.33294354633821], 
[749236.7602486527, 362213.06152693206, 145574.26267509113, 59692.23704121052, 26501.50525082512, 14160.035503998866, 8601.840609166547, 5678.010013803648, 3680.4132214856677, 2525.5329407433755, 1604.202708600132, 1090.7324713449266, 695.1648405543983, 465.0837805491868, 301.79415815463494, 194.05150903860704, 127.44121026068761, 91.53262055553039, 61.62011665752762], 
[751712.2251684963, 358949.3987421634, 147773.50868427282, 61519.32266462615, 29507.41084201898, 18127.759675439076, 10523.781136148807, 7476.526347773811, 5004.677159494561, 3477.957180443384, 2316.3424851242694, 1492.5688992683854, 1004.7665577287331, 666.8930860961732, 462.4116793600272, 309.0616517450256, 211.68015205117874, 147.90360445105253, 99.70048092173012], 
[783440.7262965869, 348728.72649492737, 138293.3120810112, 59683.40346781492, 28659.21319116065, 14434.901607345833, 9491.655974057769, 6396.483324074306, 4217.631940750866, 2708.109784101494, 1740.5812774284452, 1206.8301681502328, 754.3799750525906, 523.8261496556877, 339.3300616230253, 227.56041741477432, 146.8358114806521, 98.09600530060821, 63.05359766783621], 
[758884.5226991334, 327519.8480406402, 148176.94226224915, 60743.69953579582, 27335.956664305286, 13624.235316437012, 8180.876682601406, 5015.830674584527, 3351.3235045104993, 2240.0710600029756, 1401.094187869067, 956.5131629526516, 630.4903058055853, 404.15351590219024, 247.80812329311806, 168.47940367270857, 108.93602269811132, 74.46173913877264, 49.585496773473324], 
[809364.1572939192, 361646.6796851638, 131271.0452791823, 58489.561465802864, 28199.488671319505, 16342.228281551672, 9892.004696649028, 6303.719656870608, 4029.9525980953895, 2616.0106569266677, 1858.1699855839927, 1158.290053173995, 834.231235880655, 550.0575995150525, 394.11169390423066, 254.999514942938, 172.0281024108327, 109.93759796345034, 70.97736992645851], 
[770822.3434633479, 366337.84257135616, 143593.10571998917, 62573.81177096299, 30350.39975720359, 15863.030452779907, 9815.014937067566, 6639.662143958951, 4492.835173885633, 2721.288266343696, 1888.9459921655703, 1293.0124616972394, 895.4877059101485, 578.1740059396261, 386.87172807305444, 253.13812123570804, 159.34922429523635, 103.57551898860348, 66.58448937447736], 
[768919.4059440264, 347129.9206759309, 149220.97882427726, 60559.307924167704, 27330.50802521839, 14673.187135645443, 8954.567414474079, 5551.382164904444, 3880.3814471975984, 2477.331217691461, 1571.8117466566177, 1074.9173302538268, 781.0328618018758, 494.07119703158475, 321.99910037385996, 220.89114018528645, 152.93187646220682, 98.65173958338958, 57.906833145003034], 
[749621.583225286, 342862.6526314933, 142713.18516905024, 57338.37630161267, 24190.73294705574, 12746.8587124464, 8180.794836076227, 5395.039827401996, 3605.3193031040746, 2346.4015921298424, 1613.1897914202643, 1105.4977929034433, 770.8148651091047, 527.8828502244535, 299.9713983706247, 217.2476741296707, 144.00478076775047, 92.24422656892253, 55.005945300472845], 
[793184.7037006867, 355351.45909788745, 135292.03133900592, 60966.76953183497, 29277.067167499044, 16973.384670735504, 11013.429955738928, 7174.402759245981, 4666.865392511786, 2964.3205809844094, 1735.3245701817573, 1179.2572373077273, 774.1246105870948, 486.97524369262925, 327.61124437725397, 214.59924194513425, 146.77060049299266, 104.29301412603304, 72.98623240413633], 
[756973.9419606301, 360260.8891892526, 141643.8280010185, 61726.90778311097, 27836.13833039697, 13381.30605741342, 8592.197555472248, 5324.050265603259, 3631.9476381534673, 2524.8810864203833, 1568.802922180317, 999.8695787641168, 586.8986764478075, 401.4368888272251, 252.70686212917082, 173.245211856063, 109.17706339704252, 73.16755608794527, 52.82401480918257], 
