[20.72877114651759, 20.72877114651759, 20.72877114651759, 20.72877114651759, 20.72877114651759, 20.72877114651759, 20.72877114651759, 20.72877114651759, 20.72877114651759, 20.72877114651759, 20.72877114651759, 20.72877114651759, 20.72877114651759, 20.72877114651759, 20.72877114651759, 20.72877114651759, 20.72877114651759, 20.72877114651759, 20.72877114651759, 20.72877114651759, 20.72877114651759, 20.72877114651759, 20.72877114651759, 20.72877114651759, 20.72877114651759, 20.72877114651759, 20.72877114651759, 20.72877114651759, 20.72877114651759, 20.72877114651759], 
[20.811926175450182, 20.810504281529067, 20.810504281529067, 20.810504281529067, 20.810504281529067, 20.810504281529067, 20.810504281529067, 20.810504281529067, 20.810504281529067, 20.78576565933074, 20.78576565933074, 20.73327809074185, 20.73327809074185, 20.73327809074185, 20.73327809074185, 20.73327809074185, 20.73327809074185, 20.73327809074185, 20.73327809074185, 20.73327809074185, 20.73327809074185, 20.73327809074185, 20.73327809074185, 20.73327809074185, 20.724682796151782, 20.724682796151782, 20.724682796151782, 20.724682796151782, 20.724682796151782, 20.724682796151782], 
[20.77077215581695, 20.77077215581695, 20.77077215581695, 20.77077215581695, 20.77077215581695, 20.77077215581695, 20.77077215581695, 20.77077215581695, 20.77077215581695, 20.77077215581695, 20.77077215581695, 20.77077215581695, 20.77077215581695, 20.77077215581695, 20.77077215581695, 20.77077215581695, 20.77077215581695, 20.75348417199134, 20.75348417199134, 20.75348417199134, 20.75348417199134, 20.75348417199134, 20.75348417199134, 20.75348417199134, 20.75348417199134, 20.75348417199134, 20.75348417199134, 20.75348417199134, 20.75348417199134, 20.75348417199134], 
[20.80930279116004, 20.602849196677624, 20.602849196677624, 20.602849196677624, 20.602849196677624, 20.582591471925976, 20.582591471925976, 20.582591471925976, 20.582591471925976, 20.582591471925976, 20.582591471925976, 20.582591471925976, 20.582591471925976, 20.582591471925976, 20.582591471925976, 20.582591471925976, 20.582591471925976, 20.582591471925976, 20.582591471925976, 20.582591471925976, 20.582591471925976, 20.582591471925976, 20.582591471925976, 20.582591471925976, 20.582591471925976, 20.582591471925976, 20.582591471925976, 20.582591471925976, 20.582591471925976, 20.582591471925976], 
[20.762751510237376, 20.71997889227254, 20.71997889227254, 20.71997889227254, 20.71997889227254, 20.68991939484077, 20.68991939484077, 20.633105467744567, 20.633105467744567, 20.633105467744567, 20.633105467744567, 20.633105467744567, 20.633105467744567, 20.633105467744567, 20.633105467744567, 20.633105467744567, 20.633105467744567, 20.633105467744567, 20.633105467744567, 20.633105467744567, 20.633105467744567, 20.633105467744567, 20.633105467744567, 20.633105467744567, 20.633105467744567, 20.633105467744567, 20.633105467744567, 20.633105467744567, 20.633105467744567, 20.633105467744567],
[20.669159214298634, 20.669159214298634, 20.669159214298634, 20.669159214298634, 20.669159214298634, 20.669159214298634, 20.669159214298634, 20.669159214298634, 20.669159214298634, 20.669159214298634, 20.669159214298634, 20.669159214298634, 20.669159214298634, 20.669159214298634, 20.669159214298634, 20.669159214298634, 20.669159214298634, 20.669159214298634, 20.669159214298634, 20.669159214298634, 20.669159214298634, 20.669159214298634, 20.669159214298634, 20.669159214298634, 20.669159214298634, 20.669159214298634, 20.669159214298634, 20.669159214298634, 20.669159214298634, 20.669159214298634],
[20.889331171157064, 20.66044773584462, 20.6543582536077, 20.6543582536077, 20.6543582536077, 20.6543582536077, 20.6543582536077, 20.6543582536077, 20.6543582536077, 20.6543582536077, 20.6543582536077, 20.6543582536077, 20.6543582536077, 20.6543582536077, 20.624239654956817, 20.624239654956817, 20.624239654956817, 20.624239654956817, 20.624239654956817, 20.624239654956817, 20.624239654956817, 20.624239654956817, 20.624239654956817, 20.624239654956817, 20.624239654956817, 20.624239654956817, 20.624239654956817, 20.624239654956817, 20.624239654956817, 20.624239654956817],
[20.81058585064991, 20.793927970111636, 20.69621199676408, 20.69621199676408, 20.69621199676408, 20.69621199676408, 20.69621199676408, 20.69621199676408, 20.69621199676408, 20.69621199676408, 20.69621199676408, 20.69621199676408, 20.69621199676408, 20.69621199676408, 20.69621199676408, 20.69621199676408, 20.69621199676408, 20.69621199676408, 20.69621199676408, 20.69621199676408, 20.69621199676408, 20.69621199676408, 20.69621199676408, 20.69621199676408, 20.69621199676408, 20.69621199676408, 20.69621199676408, 20.69621199676408, 20.69621199676408, 20.69621199676408],
[20.893607667838367, 20.812512518839526, 20.812512518839526, 20.72944972252879, 20.72944972252879, 20.72944972252879, 20.72944972252879, 20.72944972252879, 20.72944972252879, 20.72944972252879, 20.72944972252879, 20.72944972252879, 20.72944972252879, 20.72944972252879, 20.72944972252879, 20.72944972252879, 20.72944972252879, 20.72944972252879, 20.72944972252879, 20.72944972252879, 20.72944972252879, 20.72944972252879, 20.72944972252879, 20.72944972252879, 20.72944972252879, 20.72944972252879, 20.72944972252879, 20.72944972252879, 20.72944972252879, 20.72944972252879],
[20.613268888882267, 20.613268888882267, 20.613268888882267, 20.613268888882267, 20.613268888882267, 20.613268888882267, 20.613268888882267, 20.613268888882267, 20.613268888882267, 20.613268888882267, 20.613268888882267, 20.613268888882267, 20.613268888882267, 20.613268888882267, 20.613268888882267, 20.613268888882267, 20.613268888882267, 20.613268888882267, 20.613268888882267, 20.613268888882267, 20.613268888882267, 20.613268888882267, 20.613268888882267, 20.613268888882267, 20.613268888882267, 20.613268888882267, 20.613268888882267, 20.613268888882267, 20.613268888882267, 20.613268888882267],
[20.673592923055473, 20.673592923055473, 20.673592923055473, 20.673592923055473, 20.673592923055473, 20.673592923055473, 20.673592923055473, 20.673592923055473, 20.673592923055473, 20.673592923055473, 20.673592923055473, 20.673592923055473, 20.673592923055473, 20.673592923055473, 20.673592923055473, 20.673592923055473, 20.673592923055473, 20.673592923055473, 20.673592923055473, 20.673592923055473, 20.673592923055473, 20.673592923055473, 20.673592923055473, 20.673592923055473, 20.673592923055473, 20.673592923055473, 20.673592923055473, 20.673592923055473, 20.673592923055473, 20.673592923055473],
[20.748666098722335, 20.748666098722335, 20.496559471188963, 20.496559471188963, 20.496559471188963, 20.496559471188963, 20.496559471188963, 20.496559471188963, 20.496559471188963, 20.496559471188963, 20.496559471188963, 20.496559471188963, 20.496559471188963, 20.496559471188963, 20.496559471188963, 20.496559471188963, 20.496559471188963, 20.496559471188963, 20.496559471188963, 20.496559471188963, 20.496559471188963, 20.496559471188963, 20.496559471188963, 20.496559471188963, 20.496559471188963, 20.496559471188963, 20.496559471188963, 20.496559471188963, 20.496559471188963, 20.496559471188963],
[20.653625232736186, 20.445196843907055, 20.445196843907055, 20.445196843907055, 20.445196843907055, 20.445196843907055, 20.445196843907055, 20.445196843907055, 20.445196843907055, 20.445196843907055, 20.445196843907055, 20.445196843907055, 20.445196843907055, 20.445196843907055, 20.445196843907055, 20.445196843907055, 20.445196843907055, 20.445196843907055, 20.445196843907055, 20.445196843907055, 20.445196843907055, 20.445196843907055, 20.445196843907055, 20.445196843907055, 20.445196843907055, 20.445196843907055, 20.445196843907055, 20.445196843907055, 20.445196843907055, 20.445196843907055],
[20.633496743915625, 20.633496743915625, 20.633496743915625, 20.633496743915625, 20.633496743915625, 20.633496743915625, 20.633496743915625, 20.633496743915625, 20.633496743915625, 20.633496743915625, 20.633496743915625, 20.633496743915625, 20.633496743915625, 20.633496743915625, 20.633496743915625, 20.633496743915625, 20.633496743915625, 20.633496743915625, 20.633496743915625, 20.633496743915625, 20.633496743915625, 20.633496743915625, 20.633496743915625, 20.633496743915625, 20.633496743915625, 20.633496743915625, 20.626054012281852, 20.626054012281852, 20.626054012281852, 20.626054012281852],
