[325010178.6099258, 155232474.60852408, 69124021.45128542, 40047527.36970529, 23195204.12808849, 10056743.304792915, 6595569.527527338, 3509978.4208746026, 1963832.3253738626, 1075415.7491983674, 533168.7772474715, 352413.94560896227, 232235.95841082605, 135494.18012984152, 121885.38634285731, 83070.07182251419, 59662.31722378034, 39705.0463866549, 25857.47356630756, 18415.80872306594, 15378.936889382916, 13363.538539419182, 10311.606833027912, 8489.748412509505, 6493.66651443611, 5431.509934298897, 5258.712008292441, 4716.39851570225, 4421.255633602419, 3868.5895669390875], 
[498496900.9283242, 339449802.34375346, 231137744.66709805, 143152362.19791704, 79656144.18197198, 40048429.004006416, 18215983.283706926, 9676956.424336908, 5195110.1958070705, 3175246.5426541087, 1620199.3701344165, 1238266.3465974005, 859031.6470738697, 636759.2355715542, 408485.63217518624, 246989.24643082806, 176278.4484653365, 122075.01967179425, 66338.40340697955, 44406.518291590495, 27249.241318782075, 19341.19113230694, 15919.789843826455, 13499.74531679917, 11482.818052214168, 9655.679506002307, 7381.698389045579, 6135.238686409742, 5391.052347876508, 4507.249998296889], 
[302575856.86778843, 194510224.9201803, 92739514.65407696, 48468516.166286, 28218236.56595613, 15261256.94553644, 6868437.644312905, 3467567.293360818, 1374684.2345757957, 774966.5149319032, 392433.2656969688, 246139.8973439302, 164458.3393591732, 112743.02881402613, 72663.64483903642, 51993.21930618065, 39087.92415820318, 30349.834051281727, 20891.0856637952, 15714.415172982755, 12565.868952928002, 10818.57559176126, 8822.946986312965, 8149.044098842967, 6898.2096583964, 6101.024371063062, 5567.902678381214, 4542.667104803199, 3645.182966833869, 3438.0523716131297], 
[400751435.3833281, 252700817.64358807, 161342326.51112583, 78928483.64600137, 39913697.020156465, 21877236.277616203, 11807157.813045707, 6948751.196794362, 4190414.270531121, 2619295.6681823004, 1655720.133602188, 1157919.24071578, 718359.5103224991, 532836.9648681338, 411764.7222939794, 284438.1250548187, 215511.64422741852, 131011.2095911709, 81428.47581763305, 51717.90565660195, 36901.10467600718, 26717.00926480948, 19480.202156543626, 17180.231148920488, 12675.11820447137, 8924.39582850299, 8343.027252042782, 7232.564561963588, 5506.010644940908, 5304.478422585187], 
[329244510.8510417, 158775220.146913, 84244583.79030728, 46383151.4680255, 25333747.615526874, 11096488.083035765, 5960333.3229680825, 4588442.016205008, 2385274.891601425, 1497673.8302730434, 900117.8155200548, 511196.1135490093, 236637.72591081372, 144041.26841675592, 109652.69750353055, 77613.55508107023, 54131.91223317636, 41735.405990326995, 32817.03396067686, 27594.73630092249, 22082.130534054755, 16459.279555629648, 12593.836857131264, 10431.026913186359, 8744.897581196914, 7357.228806257655, 6849.931539235952, 5775.7092285444105, 4374.461759765938, 3449.074862027768], 
[403957056.3720222, 255078132.36872858, 180556158.14479375, 100684132.23628144, 54146780.02007644, 36490508.64828957, 20412465.366890512, 11085452.210384358, 7552623.899019355, 4202074.289087167, 2440416.775988536, 1132424.5993284388, 594905.7008713173, 375348.1650728545, 206812.01023745115, 157956.8642263918, 114671.04047955254, 85676.82564767971, 63382.59173300815, 43290.08938652756, 27770.126391757407, 21953.080716531833, 16923.294925484453, 13169.85266648807, 9655.592500686127, 8981.570663214734, 7882.480137451396, 6507.790513807931, 5457.189528525415, 4628.605102978931],
[399044966.5885496, 244852811.12693837, 145033509.5999826, 75866626.61167149, 51858634.500311635, 26326860.96396443, 15948924.318492724, 7977357.6366973845, 4769913.795629463, 2804606.5368036767, 1895107.8400922036, 1474668.436505369, 921932.9852282616, 451742.1703545978, 273688.41187056975, 200440.09942804853, 124598.85721130697, 64813.605831360284, 51603.30844776991, 31187.31420832772, 22957.77564524155, 15947.704600096275, 12295.994979561981, 11160.35610668061, 8812.981770962997, 8104.5217484980485, 6779.647552533993, 5808.070556130681, 5428.84717959111, 4822.484119779511],
[471384097.784604, 340186571.1321875, 233357538.16630393, 154840237.21813986, 102553769.56405322, 53120052.42684504, 33120452.179166865, 17516996.20787239, 11314672.84841109, 6975943.090813987, 5115992.4071229845, 2761754.6708951956, 1400997.804453324, 690350.8372429848, 330881.3365790094, 223459.67073739885, 166650.71439079495, 105624.51839318444, 71473.24728538065, 55399.40809994749, 38879.05927858138, 31791.032314511336, 24104.218941722058, 16033.183890169725, 14811.445558765632, 10860.322527020679, 9031.243748608284, 7804.5739968870375, 6915.08919910281, 5861.35399626418],
[471968436.1615129, 272641564.7965551, 171602809.5063165, 115263754.75349817, 86275260.80950163, 55671431.18739733, 36984060.03110156, 22745121.30465489, 11217923.541465772, 7622696.550396793, 4775783.782855526, 2562614.7573508304, 1345106.6400352707, 867543.4078824106, 489429.36103604507, 350548.07421350956, 223556.49744582828, 131614.16443141928, 88107.91398545826, 74848.95406972917, 57331.66768189641, 45974.379844326526, 29311.30374385289, 22022.98402013029, 15124.701327867306, 11055.945720268168, 7815.556438820585, 5816.292729081682, 4786.1882880721005, 4004.780620935091], 
[432661567.78644526, 292260681.2248809, 145436635.897227, 71876004.15910111, 40563524.9169966, 29631752.0388976, 18175489.469643705, 11587593.020815337, 5690854.050486579, 3205359.312391069, 1918148.14273185, 1398272.6141694603, 886354.8646870486, 594338.2167044426, 432981.24584218423, 286382.1188521194, 207422.65625078813, 153769.2505136993, 112957.53802327246, 87380.38048597766, 60509.26693709899, 43030.68092243405, 32208.073227139997, 25481.171637688487, 20040.23400501848, 16789.341844860064, 14563.4533302894, 11400.904789342414, 10109.755390668042, 8721.079324835044], 
[360069513.6236182, 237167476.31850827, 149796519.16923165, 97221130.96473174, 64718084.905945234, 36676600.29350175, 21039563.402476836, 12814380.112196304, 7638227.6727350475, 3214018.7885773447, 2103927.0773570053, 1322015.7550345992, 803533.1197578132, 652074.641266193, 443849.1508223248, 329183.41595795704, 221331.1115333463, 169335.57961357464, 107980.51526328528, 70311.66562370915, 49383.56234611103, 35503.94754924131, 26504.611018850082, 21037.870696643156, 15764.815818941188, 13910.98202500163, 11622.801627014576, 9612.340684539822, 7937.176703464358, 6644.935012980536], 
[467356998.4129857, 322275106.5545301, 161863833.0724675, 113609105.79419571, 59969398.250796415, 32712290.801940296, 16099758.098484296, 10345568.359819753, 5868715.536216716, 3465510.8909441787, 1661285.536409043, 883617.0116434054, 479087.28432120563, 269138.8689542024, 161654.7076082416, 99010.56476817383, 71380.72696033471, 49690.90733885329, 36176.33432646645, 27937.23239502771, 23963.382791991942, 16797.57668098941, 14038.947958645886, 10572.801002706728, 9742.690999057442, 8016.740479740279, 6788.279713401334, 5907.495284522702, 5156.1193833949055, 4599.122941321845], 
[422757456.82931465, 201069024.77662078, 122839902.81399742, 82208335.25106269, 46241963.8100018, 27274542.97645947, 15965736.780762775, 10623677.188732501, 5638142.197474808, 3085587.287498203, 2089316.5155637788, 1393935.9960088613, 924424.2518346761, 610462.5793597379, 369260.42019724444, 261898.32578603752, 160109.6280177937, 111810.38519496805, 75985.75114860632, 54948.789531874914, 32834.102119563104, 29812.3563271059, 22528.33140638093, 17125.277165176783, 13212.747518169073, 10823.943503001863, 8736.2313805488, 7398.973224636787, 6198.910111621477, 5358.390071959133], 
[523378819.114661, 403150531.5828044, 270868890.87266123, 174766458.31011644, 92013895.86689638, 41880358.104524374, 26674938.58894219, 14592213.799538342, 8403567.624401975, 5245353.126715192, 3275129.9903806373, 2133684.237540446, 1229691.377852573, 659048.4184346973, 437975.0592307237, 305486.66843467014, 178404.577544404, 111721.31114925224, 88050.48885811308, 64209.321396820684, 41694.18721604934, 31830.06295191236, 20717.006722651728, 16066.677006351481, 13161.184176502535, 9470.663087401721, 8576.726736231629, 7115.000903860004, 5865.136242359338, 4957.14427542513], 
[405747497.22459435, 260093877.92843232, 158716522.19318542, 104815279.50802489, 62635483.62133264, 40262154.78299066, 28402219.608359203, 20581949.155412063, 11970935.834709985, 7370529.581001634, 4743928.906344993, 3189262.7982917414, 2039837.565573616, 1097710.1593950943, 573335.719044303, 318415.3531106278, 202512.66004824944, 126143.78628224412, 100314.12540522643, 57681.197575988255, 36639.23396313933, 23224.718469061456, 15933.3503359193, 11986.784858881703, 11413.205263875763, 9235.674153096483, 7638.221483680913, 5942.3855845534745, 5230.667245615845, 4585.062482452144], 
[445762829.9398049, 263442493.98634276, 183853138.46898764, 102209337.12027217, 59745333.69708006, 35803718.284365885, 20713024.96224928, 12335229.001778139, 7157875.446059911, 5030276.139784373, 2803104.076607582, 1531352.5857449372, 875155.6331946385, 526358.5076798992, 342768.3718776556, 227925.64208149063, 131828.51241536206, 74730.39232055329, 52742.721978213274, 36121.65519632278, 24869.795591135447, 19020.874392316597, 14198.959594724813, 10878.933151373449, 9120.885835864423, 7901.32178130704, 6646.262594770544, 5313.405059082715, 4563.154707358375, 4365.236439314209], 
[505544058.08515304, 401981917.2727768, 224332112.24604824, 131267271.58284636, 72363282.62716462, 47975206.671574354, 23865699.419865143, 12283128.383724794, 8136427.323261772, 4904995.344859083, 2977890.023605095, 1717281.897822116, 1084930.6689735139, 544496.2631727252, 324720.45564634656, 174347.89141590215, 110007.30721682312, 77640.41451910815, 47049.21132162321, 35542.45137862508, 22399.81937227072, 19224.701241591196, 16117.63162279337, 12699.17158433442, 11486.45029598967, 8988.42767161176, 7194.497323588715, 6086.132418275569, 5200.5954560516275, 4521.505540380987], 
[369307802.063826, 210565781.00041094, 106196981.19088484, 56850049.98250628, 29927701.01647699, 16270664.309451936, 8138616.396108327, 3367613.852908354, 2075930.6035031986, 1334403.5363452446, 979060.9816763368, 571855.0820095985, 322247.3086607779, 191568.9751816636, 122333.66052925364, 75867.78172054375, 56767.38025188476, 42277.60598164166, 30055.923127179627, 22244.674629929235, 17593.528985688223, 13993.35141749387, 12679.394094130284, 9798.966286594008, 8568.952765253493, 6935.413619881459, 6137.488778707695, 4854.867598855642, 4851.421787997418, 4320.802109463711], 
[384936153.593798, 247859315.1342788, 144038376.7544614, 94796260.97543819, 54080012.159690805, 32022194.67682763, 15657756.037907913, 6927926.8044322785, 3828356.6241701622, 2398335.7196095553, 1234703.9786405314, 661253.8153848002, 366112.8116224775, 307967.1358986114, 195318.93540310924, 110481.14373855489, 76404.58933432857, 53866.6283983147, 37057.38682430723, 26328.446210201226, 19803.245454057465, 16410.40941788384, 14034.034710670643, 10086.852736261211, 7367.261578759391, 5962.441995978569, 5488.37646710126, 4342.957740503853, 3775.8197719613195, 3272.6898043288347], 
[374851106.58767825, 232215346.4296747, 156532799.72954118, 91590320.79106978, 64612192.94981531, 39547190.49440445, 21724022.822723106, 13955676.975056797, 7618914.61973846, 5397763.140149605, 2926341.906420295, 1796808.1595337102, 1079953.170579745, 771700.9971516257, 514029.06170508807, 344228.6288910431, 222832.3014970887, 159598.76796213273, 91021.3917245337, 57044.22085421911, 35603.1289362155, 23374.942286228106, 21056.47168394506, 18583.888435262474, 12448.896616559618, 9717.107781092009, 7291.4545541408825, 5760.6106736932425, 4914.765413777266, 4788.862090568229], 
[319921909.6600238, 161911284.84619555, 99727179.31889597, 63665878.87191836, 40748743.42607104, 29422529.508170374, 19294075.339352675, 12354839.274763681, 8455361.223155275, 5247803.050188211, 2826390.508279924, 1531855.6184615411, 830116.4856258603, 507462.29112126224, 249257.7583725255, 171520.58303248655, 110651.13781561701, 67015.44799141934, 42694.14240437663, 26954.075242057555, 23029.472234671608, 16374.860055434998, 13987.265107249743, 11043.692705537766, 9961.920920373397, 7912.743189726586, 6175.639979429771, 5236.695093220053, 4450.707467130331, 4380.437885611642], 
[440239057.54537266, 253027599.7980226, 153242096.92788085, 108969801.35278718, 68462169.10861675, 45619645.00817294, 24810977.20309726, 13103622.021395361, 5666149.2649, 3290975.6190711893, 2083487.6284538333, 1493130.468649435, 977174.5938966091, 651153.6473732813, 386072.0601599924, 249489.45654627273, 179848.79474843145, 122128.27473152534, 82842.44000339137, 49883.5246303998, 39809.25298056899, 24780.034252692098, 19533.201783024913, 14268.775217605184, 12679.009831036923, 10988.19340477057, 9007.036693717653, 7124.900411691077, 6496.671777117222, 5257.136374793929], 
[460105804.6214814, 285644165.84395874, 178653199.76298442, 105895112.97399867, 59715873.05631231, 40417021.33127645, 24315092.768812504, 11962074.863259522, 5310799.357516772, 3621973.868888649, 2093912.4266082942, 1216681.668519484, 765362.9620866951, 549931.0284121257, 312630.6887924244, 193263.61016749748, 124219.4599502607, 75070.88366464598, 55478.31783901522, 34326.72143283674, 30473.111716759675, 22846.051205666085, 17382.0109574246, 14028.195711425293, 10427.430998627076, 7978.064071638026, 6570.329958602546, 5518.761937168157, 4626.185227546092, 3983.4257520484557], 
[435004433.1338659, 252618172.31577727, 129899304.55787118, 88140821.07251547, 53345980.038680024, 28624091.89525559, 19284263.65688425, 11108667.249537656, 6510060.64405636, 3437476.6642257376, 2169415.271180482, 1642325.3319416293, 1031494.6733320954, 637061.2753609777, 349917.65381796344, 240809.63703156152, 151456.03519424697, 114989.2481967941, 81924.93876871548, 60359.52511582727, 43536.26796640877, 33903.53558121853, 22966.479339179416, 17941.67417730178, 15189.984155186508, 12235.631425261572, 9963.662918530823, 8858.05778390846, 6973.126429947309, 6050.6699275391375], 
[403957056.3720222, 255078132.36872858, 180556158.14479375, 100684132.23628144, 54146780.02007644, 36490508.64828957, 20412465.366890512, 11085452.210384358, 7552623.899019355, 4202074.289087167, 2440416.775988536, 1132424.5993284388, 594905.7008713173, 375348.1650728545, 206812.01023745115, 157956.8642263918, 114671.04047955254, 85676.82564767971, 63382.59173300815, 43290.08938652756, 27770.126391757407, 21953.080716531833, 16923.294925484453, 13169.85266648807, 9655.592500686127, 8981.570663214734, 7882.480137451396, 6507.790513807931, 5457.189528525415, 4628.605102978931],
