[8461.106449466408, 8276.583672826155, 8276.583672826155, 8276.583672826155, 8262.824879787668, 7907.628372560212, 7843.633688278631, 7843.633688278631, 7829.0780053529015, 7829.0780053529015, 7829.0780053529015, 7740.671589732351, 7506.774759327076, 7506.774759327076, 7506.774759327076, 7506.774759327076, 7506.774759327076, 7506.774759327076, 7505.422366472849, 7505.422366472849, 7505.422366472849, 7370.94584914184, 7370.94584914184, 7268.220054024899, 7268.220054024899, 7268.220054024899, 7268.220054024899, 7268.220054024899, 7268.220054024899, 7268.220054024899], 
[8064.210452093893, 7984.025980642898, 7984.025980642898, 7778.774988754104, 7618.199056465619, 7618.199056465619, 7618.199056465619, 7618.199056465619, 7601.516465981759, 7404.453695439554, 7404.453695439554, 7404.453695439554, 7404.453695439554, 7404.453695439554, 7404.453695439554, 7363.857618223537, 7363.857618223537, 7363.857618223537, 7363.857618223537, 7323.488216461533, 7323.488216461533, 7323.488216461533, 7323.488216461533, 7323.488216461533, 7323.488216461533, 7323.488216461533, 7323.488216461533, 7323.488216461533, 7224.962567108561, 7224.962567108561], 
[7722.377149192306, 7722.377149192306, 7722.377149192306, 7695.824818948786, 7695.824818948786, 7695.824818948786, 7675.982322262727, 7510.457462446148, 7510.457462446148, 7510.457462446148, 7510.457462446148, 7510.457462446148, 7510.457462446148, 7382.472026513439, 7382.472026513439, 7382.472026513439, 7382.472026513439, 7183.003890881573, 7183.003890881573, 7183.003890881573, 7113.978796309422, 7113.978796309422, 7113.978796309422, 7113.978796309422, 7113.978796309422, 6984.36180546242, 6883.1595458248785, 6883.1595458248785, 6883.1595458248785, 6883.1595458248785], 
[7641.106493765384, 7641.106493765384, 7581.589470948228, 7581.589470948228, 7581.589470948228, 7581.589470948228, 7581.589470948228, 7480.848230398429, 7480.848230398429, 7480.848230398429, 7426.349181362998, 7426.349181362998, 7426.349181362998, 7231.996428312965, 7231.996428312965, 7231.996428312965, 7231.996428312965, 7231.996428312965, 7231.996428312965, 7231.996428312965, 7207.914854639595, 7207.914854639595, 7207.914854639595, 7207.914854639595, 7207.914854639595, 7150.267383518273, 7150.267383518273, 7150.267383518273, 7150.267383518273, 7150.267383518273], 
[8447.195691775807, 8412.02037135925, 8032.131907990915, 7824.504253899799, 7824.504253899799, 7824.504253899799, 7824.504253899799, 7772.472824856128, 7772.472824856128, 7750.998469320589, 7699.9537738364015, 7699.9537738364015, 7699.9537738364015, 7635.505242435104, 7635.505242435104, 7524.904882393842, 7524.904882393842, 7524.904882393842, 7522.584070869955, 7522.584070869955, 7424.994264773053, 7424.994264773053, 7148.195087998586, 7148.195087998586, 7148.195087998586, 7148.195087998586, 7148.195087998586, 7148.195087998586, 7148.195087998586, 6972.908959580619], 
[8305.058714848486, 8040.180825974516, 8040.180825974516, 7923.117799741057, 7826.278281167899, 7826.278281167899, 7780.074233723828, 7686.569495276745, 7686.569495276745, 7686.569495276745, 7620.991564430015, 7620.991564430015, 7560.770442806925, 7560.770442806925, 7560.770442806925, 7560.770442806925, 7560.770442806925, 7484.643246587184, 7368.788468509921, 7355.488613478332, 7355.488613478332, 7355.488613478332, 7094.2007478118385, 7094.2007478118385, 7094.2007478118385, 7094.2007478118385, 6840.768409431848, 6840.768409431848, 6840.768409431848, 6840.768409431848], 
[7893.112937199902, 7893.112937199902, 7875.006003159986, 7666.638744881393, 7666.638744881393, 7620.505426962846, 7506.211569928673, 7357.221683222952, 7357.221683222952, 7357.221683222952, 7357.221683222952, 7357.221683222952, 7290.998861567955, 7290.998861567955, 7290.998861567955, 7243.625528070483, 7236.085069323988, 7236.085069323988, 7236.085069323988, 7236.085069323988, 7170.035562129191, 7170.035562129191, 6940.116116560723, 6940.116116560723, 6940.116116560723, 6940.116116560723, 6940.116116560723, 6940.116116560723, 6940.116116560723, 6940.116116560723], 
[7800.199554593152, 7676.395225300824, 7676.395225300824, 7676.395225300824, 7658.6712701452, 7658.6712701452, 7445.728738693952, 7445.728738693952, 7445.728738693952, 7403.096810098215, 7403.096810098215, 7403.096810098215, 7403.096810098215, 7356.770125495693, 7356.770125495693, 7295.49822304928, 7282.137314868324, 7182.799813130249, 7182.799813130249, 7163.797024424791, 7001.420147606085, 7001.420147606085, 7001.420147606085, 6957.330217912456, 6957.330217912456, 6957.330217912456, 6957.330217912456, 6957.330217912456, 6957.330217912456, 6957.330217912456], 
[7815.524569604898, 7797.850747070356, 7768.436838722213, 7759.78196224494, 7754.042239249413, 7754.042239249413, 7660.825460172535, 7574.506890891545, 7534.822913005923, 7534.822913005923, 7534.822913005923, 7462.229529450045, 7462.229529450045, 7377.729651869909, 7377.729651869909, 7219.8041252059775, 7219.8041252059775, 7219.8041252059775, 7219.8041252059775, 7219.8041252059775, 7149.392390118517, 7149.392390118517, 7149.392390118517, 7149.392390118517, 7149.392390118517, 7149.392390118517, 7149.392390118517, 7149.392390118517, 7141.278127712141, 7141.278127712141], 
[8233.274377293048, 8176.652765957871, 7954.710512377596, 7895.085012653266, 7895.085012653266, 7863.304743775852, 7815.934711403367, 7815.934711403367, 7815.934711403367, 7670.54909565538, 7670.54909565538, 7670.54909565538, 7665.047018130021, 7511.74415008718, 7482.841037189886, 7444.741013453298, 7426.181021554001, 7426.181021554001, 7426.181021554001, 7426.181021554001, 7426.181021554001, 7383.535812462258, 7383.535812462258, 7345.643790058868, 7198.09634083634, 7198.09634083634, 7198.09634083634, 7198.09634083634, 7198.09634083634, 7198.09634083634], 
[8000.4261127317695, 8000.4261127317695, 7958.391493419432, 7947.1043817846885, 7871.297881941567, 7758.709766763106, 7758.709766763106, 7665.529166718299, 7665.529166718299, 7616.695905743291, 7616.695905743291, 7616.23437584409, 7616.23437584409, 7473.657116940972, 7473.657116940972, 7473.657116940972, 7368.433142774821, 7368.433142774821, 7368.433142774821, 7368.433142774821, 7267.839004849176, 7267.839004849176, 7267.839004849176, 7189.552911201124, 7189.552911201124, 7092.82596254185, 7062.9053630941935, 7062.9053630941935, 7062.9053630941935, 7062.9053630941935], 
[7858.634721070627, 7810.981039149298, 7810.981039149298, 7810.981039149298, 7751.632146870348, 7751.632146870348, 7731.64578461888, 7731.64578461888, 7731.64578461888, 7629.312332177312, 7629.312332177312, 7629.312332177312, 7560.808714769761, 7337.921913175911, 7337.921913175911, 7337.921913175911, 7337.921913175911, 7337.921913175911, 7323.897552201497, 7323.897552201497, 7323.897552201497, 7323.897552201497, 7323.897552201497, 7323.897552201497, 7193.627226873478, 7193.627226873478, 7193.627226873478, 7193.627226873478, 7193.627226873478, 7193.627226873478], 
[8303.055269542538, 8303.055269542538, 8303.055269542538, 7858.0023702716735, 7858.0023702716735, 7858.0023702716735, 7858.0023702716735, 7858.0023702716735, 7858.0023702716735, 7772.280190428981, 7772.280190428981, 7772.280190428981, 7761.513835394375, 7729.84368104869, 7640.805372271217, 7640.805372271217, 7606.9754006701105, 7593.17242692347, 7593.17242692347, 7503.786182025632, 7502.277181721756, 7502.277181721756, 7502.277181721756, 7502.277181721756, 7288.071243093443, 7288.071243093443, 7288.071243093443, 7219.321586911071, 7219.321586911071, 7219.321586911071], 
[8516.846119703992, 8346.183787602935, 8227.062000934293, 8227.062000934293, 8025.504977204799, 7828.5253814647285, 7819.146150513598, 7800.782229684511, 7800.782229684511, 7779.552711652515, 7779.552711652515, 7779.552711652515, 7779.552711652515, 7775.104533714444, 7771.281900203378, 7685.324364881461, 7652.450502493885, 7616.42830100415, 7396.263008215076, 7230.138155577598, 7230.138155577598, 7230.138155577598, 7230.138155577598, 7230.138155577598, 7230.138155577598, 7230.138155577598, 7215.679503599367, 7194.951174837536, 7194.951174837536, 7091.294393712055], 
[8371.918182861205, 8312.583745582138, 8148.130425014816, 7879.637325737662, 7879.637325737662, 7879.637325737662, 7879.637325737662, 7822.319529033298, 7822.319529033298, 7777.415921111305, 7777.415921111305, 7695.806560880425, 7695.806560880425, 7549.780113127827, 7549.780113127827, 7549.780113127827, 7456.335659133603, 7321.051254684673, 7321.051254684673, 7321.051254684673, 7321.051254684673, 7321.051254684673, 7296.334912879456, 7296.334912879456, 7109.310139189232, 7109.310139189232, 7109.310139189232, 7109.310139189232, 7077.546214847036, 7077.546214847036], 
[7962.972857767829, 7962.972857767829, 7962.972857767829, 7866.056784905066, 7866.056784905066, 7859.105347829859, 7648.831871656655, 7491.667567720719, 7414.300840463168, 7414.300840463168, 7258.970657151209, 7258.970657151209, 7258.970657151209, 7258.970657151209, 7258.970657151209, 7258.970657151209, 7258.970657151209, 7258.970657151209, 7252.752862109439, 7252.752862109439, 7162.566002252191, 6964.019170972298, 6964.019170972298, 6964.019170972298, 6964.019170972298, 6964.019170972298, 6964.019170972298, 6964.019170972298, 6896.427315875906, 6896.427315875906], 
[8358.928405767321, 8317.758657526676, 8183.551785487886, 8111.279610075745, 7931.279712820888, 7931.279712820888, 7931.279712820888, 7920.331236820267, 7920.331236820267, 7838.511887809904, 7654.842983678162, 7625.614976890299, 7625.614976890299, 7625.614976890299, 7625.614976890299, 7625.614976890299, 7625.614976890299, 7625.614976890299, 7494.3328399951215, 7494.3328399951215, 7494.3328399951215, 7362.70832698604, 7276.475694689691, 7276.475694689691, 7276.475694689691, 7276.475694689691, 7276.475694689691, 7276.475694689691, 7276.475694689691, 7276.475694689691], 
