[3039278130.2267137, 1478582136.9180758, 706331576.7070506, 432332763.0374062, 305437784.90028095, 178946580.29266346, 86775161.00660087, 42130991.778332494, 22577334.73992875, 12947247.764185684, 7067140.089655926, 3630040.81834924, 2141173.017124554, 1422712.0251104203, 783351.8943514097, 426186.2981781799, 238640.71549803615, 138997.35766670914, 94227.68142082672, 71747.53454493803, 58366.94101591505, 45369.07439286678, 35571.51545281302, 28107.72950973404, 23211.75428987969, 18923.8865263658, 17387.222167132048, 13073.7326561563, 12262.750184462424, 8925.47948762218], 
[4446266501.833068, 3450275727.7778406, 2543009259.624714, 1970121968.2935472, 1110278736.8668253, 648335082.5074692, 405709512.5336173, 227278041.77739194, 156382609.84664154, 93245550.32080877, 59446574.59917272, 37361932.671252765, 24493580.186748832, 16179977.823277736, 11442254.277281946, 5872114.060966305, 3244766.175258206, 1866346.617565532, 1396641.231576847, 916861.364401264, 589834.204003346, 336376.066425753, 208978.28998270564, 153200.31396818638, 108153.1058567075, 84083.85806298692, 64429.10691446427, 49406.2921794157, 43893.672707561265, 36016.87224366208], 
[2794583704.1837015, 1253776255.5089855, 625803932.995647, 338253530.37149924, 191592128.888834, 117906420.84843634, 79023855.33428542, 51306813.27720852, 34561172.6772058, 20274670.20415545, 15595197.530923232, 10474201.185138056, 7365166.299242637, 4923103.132968627, 3318417.7710952507, 1874360.1598472248, 924037.7078696098, 590369.4753267353, 431852.9526141655, 290513.41994294495, 183725.56466908165, 139608.87810162228, 101510.37268381019, 70428.33855587858, 44318.96496107669, 33304.12508025442, 23659.41521724109, 19845.7340606382, 15523.314692337231, 12343.535554512959], 
[3074661768.1537952, 1610520483.312075, 970968638.9672676, 701150044.0165682, 339798372.5267673, 218806035.60522696, 152459287.19172955, 114700609.9044288, 66860692.59760567, 30033324.06090098, 17543470.17733488, 11837168.069648426, 8262953.954453541, 6057462.818247279, 3626882.874418941, 2263859.226994046, 1495142.8688852547, 951146.9311200553, 548399.1304949847, 354027.8162880928, 196763.8918890868, 130580.51912808456, 78612.6525889329, 53301.20551331307, 37838.149092030675, 24295.45330573522, 18114.392094528266, 15437.638276711976, 12874.014238245669, 11564.377169202122], 
[3055214137.2181554, 1543026746.4755774, 971960000.7746866, 546236822.1962811, 327381528.1734147, 182027921.2266143, 101796793.93403663, 45015150.91430401, 27486051.862094775, 18445221.35396898, 9668031.563388128, 5846566.683485008, 4086535.970242957, 2320169.612381235, 1686664.614979076, 1174276.0095821323, 676620.3137986754, 405107.3540054751, 234519.5662741501, 141517.4792878676, 99160.96710428929, 67685.08456649851, 40558.31274416261, 34684.40723476834, 26404.15246560531, 19339.789614427966, 16437.39391482482, 14134.150999608022, 11780.20570904881, 10124.928868467989], 
[4264217408.3413014, 3576516038.733811, 2705060970.4595037, 1797261156.021486, 1051606160.6237046, 631739305.4412873, 370750167.5822005, 237652894.12934634, 149978220.5926623, 112081337.16596694, 61068441.923222706, 30906610.935243074, 18732895.61086864, 12526532.217320422, 8231665.227451999, 6059619.458489693, 3924219.6641576365, 2796774.074826657, 1841491.2832676854, 1085312.4394911097, 715039.2807838363, 375452.48954660783, 203179.83039303438, 146346.15069975314, 99827.87522642766, 75144.0830429636, 58854.29966817494, 39911.19728037929, 31681.537763696862, 26717.59967476745], 
[4265205730.012326, 3322719277.3467946, 2516435941.0203767, 1631622633.6453073, 1106581569.5056195, 590143403.932934, 281221985.7116608, 142860047.62103295, 100512907.03859748, 71867210.99118528, 52140472.17422129, 33500027.074700836, 19001833.846507523, 12621544.684573501, 7293722.185202745, 4096767.240278156, 1966211.400341358, 1168780.8505876758, 649826.9155502614, 412849.1228792308, 277864.2392206363, 187349.40990889043, 127850.60341484306, 91715.32781589754, 62617.77709306008, 47277.70849749714, 37817.599261895615, 29053.223946590726, 23373.645921852665, 19358.47420219339], 
[3749950640.9262815, 2348656003.461347, 1612674447.2620618, 942929727.1330253, 525444136.73056364, 387834358.0052019, 270390577.9432663, 173645012.46376902, 126208988.7499474, 85045456.92163804, 48943037.10302014, 26091575.232610438, 17417839.54859751, 9071803.974426577, 4429114.757501198, 1951292.8781113394, 1078619.9181498003, 769884.7341658534, 530896.6140106398, 323002.1152617265, 239304.5819959688, 153059.2661210485, 108833.61561532841, 76048.84828380674, 55766.65351926188, 42597.133112694035, 36788.35443602425, 29668.07000730334, 22974.507971969386, 17361.578802425167], 
[3993822003.0632534, 3542582802.19826, 2882584615.5807834, 1821480879.555949, 1266746497.8743222, 690602252.9188985, 318886479.0924801, 159480245.3329903, 70821716.80331606, 41397575.64062861, 25928710.608400125, 16646835.556760227, 9287235.370403267, 5004389.100771507, 2887844.4572336464, 1508803.2652320336, 897651.6217828792, 692502.4438362921, 424998.20272074, 270836.1926033737, 186582.0076975859, 143320.30643837847, 98865.27460679208, 68677.50044438885, 51637.40532284627, 43293.069597045884, 33569.578587770295, 26640.858522504957, 20990.169207169354, 17205.40275045999], 
[3519372954.9100885, 2232955382.056927, 997774982.9741044, 478011194.4412488, 323650601.44733447, 222746267.58927214, 134431393.06385294, 65414941.30469002, 37302396.206391245, 26269442.217609078, 18317261.843268875, 11959037.164089037, 6449812.77539098, 3916106.8344662227, 1964183.0826759897, 1149099.0001159327, 745256.13728593, 510538.21381631604, 348594.90277349035, 289352.5399229634, 216411.90773084754, 134035.77873344359, 86616.04681231533, 67485.44540170701, 44687.30449027383, 36731.37025689824, 29704.575329618292, 27182.035202413343, 22774.805656913206, 17610.66746394187], 
[4280255144.6216817, 3079741656.280948, 1494675329.1773791, 788117600.3815471, 477519025.573268, 291753464.2083447, 163179345.63615772, 87321394.54558463, 49089033.91744178, 32638632.81926311, 23565005.82175498, 13048492.210907022, 7185692.999029367, 3941393.1077213185, 2480854.1728893, 1533234.602382976, 951836.7246419257, 689938.7827035099, 493936.8778139597, 308293.14498742355, 167445.99954022976, 124835.81526295235, 86419.45663472994, 61951.53979085513, 52422.90296754873, 41938.34825590953, 33490.48502478316, 29223.827762477897, 24601.023043484187, 22233.09569416128], 
[3556551658.236789, 2653468926.1310315, 1689502679.5351036, 1166360770.0811327, 760625774.2613211, 463694805.25566465, 292600106.9287466, 174841579.09566274, 111748072.82123725, 70739014.33998068, 40232388.44277182, 22646252.191023085, 15145568.556764634, 11416991.246796133, 6883675.407381487, 4521471.856787699, 3558981.7078515543, 2296475.4913982735, 1428983.0969419596, 1018184.5801250818, 688719.8936932357, 507184.8974916965, 360616.8190426333, 242711.91289333464, 156176.1903458916, 105608.78788801485, 67962.50034668298, 47307.663585890754, 33890.21607934275, 24382.516079975256], 
[4414876683.8131895, 3523681395.420104, 2512649688.040761, 1779291461.857223, 1029721146.7405636, 651075406.9827366, 388659124.0769445, 269148131.61285985, 141203572.91612545, 78732911.23763004, 44742695.005399846, 31580816.054135915, 21815051.443097055, 11560531.291249426, 6876751.078164009, 4714581.970626975, 3104032.7251106347, 1449489.7447632132, 809324.7458448441, 641878.8134309107, 444723.23763585533, 317044.8490911605, 248753.50567968463, 202729.82576815435, 151289.07832447757, 115583.39264320604, 86521.35287080392, 68722.96046995492, 51274.23730257294, 41806.23276738184], 
[3061012594.783713, 1329827883.144539, 642194276.9685539, 387494474.19668835, 247881539.9747495, 159492420.2769695, 91655673.03802016, 72685401.79496701, 41505380.28817965, 31306786.078150265, 18419686.177455436, 10537972.253879355, 6477027.427921884, 3880981.3913419154, 2260429.3144310983, 1203292.733560963, 778065.7950437814, 445667.022842624, 241392.93944191118, 176276.33934292576, 123107.69020857902, 96777.96581697222, 67476.24494602635, 39511.77799410242, 28144.548296919784, 23291.388424834175, 19915.702481286364, 15140.99667466844, 12857.074671099683, 11470.4619460176], 
[4119907863.2571335, 3176842538.7947865, 2549381986.748818, 1925432529.3125541, 1087862241.9269576, 681177463.8166196, 389183314.73651093, 213141399.89906782, 131797963.10750054, 70247499.53248666, 46136649.407963276, 26841115.179963935, 19259620.55893105, 11538272.89501869, 7253426.410625711, 4643658.737427965, 2802048.0268558916, 1347421.3929788312, 813008.610595642, 557653.724742355, 415987.7008527112, 279479.9276682881, 179353.8281061683, 119336.20675772913, 83645.05631304598, 63414.64658196999, 46048.60604835298, 33782.500968603395, 24467.73787575939, 21621.052508470457], 
[2969168462.411688, 1426211536.800429, 747006072.809837, 542211780.1994398, 330638777.2858544, 178484997.72675884, 112037154.56534106, 56095592.72636346, 34173771.747529216, 20576514.04673221, 13685739.604318537, 8801219.063600687, 6096182.92246576, 3532560.491498722, 2651446.9262239044, 1815979.7223083954, 1239461.1672468153, 657517.3061461778, 391033.39015474083, 270004.4431310161, 168936.70393993857, 135752.93439385286, 85311.53170203039, 75737.67484032952, 55366.66309227395, 47716.12090095197, 34948.46474343976, 25458.064264534, 19694.24963058578, 16196.588440634361], 
[3018885994.0483766, 1238941044.0989563, 582226954.5280856, 361538413.481704, 220707831.31723738, 114625930.55093381, 60505300.9519402, 37298792.838672936, 18643717.162783395, 12527606.475726571, 8182179.491050901, 4959849.095769279, 3002836.0786029985, 2013726.6259946001, 1182295.5418101137, 814556.1772466967, 591785.598483862, 400728.5705326217, 254978.06262696572, 163529.04399874358, 118944.4524221456, 93879.89904223954, 74800.1554526524, 63640.504867692274, 45423.309363818276, 36075.94295459251, 29875.919778588115, 25038.42947144503, 19855.20161158527, 16177.025744068651], 
[4491185579.05871, 3089696262.055083, 1404833072.8095834, 713244356.3560224, 303234530.44173926, 140141692.3090308, 77990455.61391275, 46548169.81216624, 24013412.311494894, 14971266.48940479, 6997274.948408414, 4278771.486759922, 2953208.048546855, 1820203.013170499, 1248708.8450148443, 851844.6091055926, 608131.2323023297, 383825.833713181, 239756.09637139272, 184926.93762390641, 113552.26059156159, 85322.4418135261, 63335.88833991063, 43967.388888018395, 37929.101317004846, 29083.560068388444, 23987.558554464867, 19082.95174835904, 13590.340957725073, 12202.049377567138], 
[2876711379.367492, 1232085215.3860774, 610713604.3242838, 315043281.70695525, 207307613.71131074, 162503074.9310075, 82641365.63482217, 52293546.5769478, 34991300.96114499, 21074297.531686895, 13088362.129720902, 6594973.436153375, 3959832.3223779565, 2791820.4102303293, 1655576.4569052525, 874531.737332851, 464756.81026651064, 301475.98648639896, 209150.54190088867, 149770.4532857132, 112963.45328797035, 88380.8760033186, 60201.141532512345, 38732.94997019606, 29562.854821245102, 20388.322779464368, 16599.84097200946, 15896.236267512146, 14672.608555212964, 11511.974890186446], 
[2837475691.265356, 1262203372.4407034, 673745756.6187409, 392760480.0048817, 239626795.71468198, 131013497.35132141, 55874520.58197792, 35697378.48720538, 21776184.023202073, 16214205.276995117, 11322549.376318049, 6210998.323658561, 3389926.317206328, 2665076.504449691, 1483624.4182187195, 660968.4148172198, 373793.1828254516, 235627.08714611086, 145751.21535556577, 100820.88082825458, 73355.71523394124, 53400.96549513759, 44662.798869409744, 32851.40611969921, 26040.633648093593, 20990.03844325946, 19071.48569961241, 16629.999349910056, 13578.413491651154, 12657.552692030287], 
[4451864097.411335, 3119305675.477202, 2242254121.724276, 1535760843.8445547, 798560048.6039888, 484181085.3189221, 326834520.12441224, 237570949.73521057, 147221846.1226893, 77630190.41081744, 47488968.69357085, 25872080.89382588, 12779510.796462577, 6232664.75804111, 4702723.899645776, 3204088.104871457, 1823527.1647394574, 952460.3761867417, 609285.1430885366, 360700.54681757226, 220179.8844455079, 185715.36907502724, 138700.08459675926, 112648.81854173564, 70206.76141165996, 59501.18716195048, 46583.77976627903, 34231.790642629814, 23875.420382021992, 17552.75236939822], 
[4388654701.633946, 2788944015.999562, 1730504268.5535421, 1078489880.8700352, 607250994.8948686, 352485215.5040546, 286525605.51427597, 198555957.47504947, 116972980.07705583, 85038865.68752198, 58235082.710785456, 38997107.14184512, 23026162.02482558, 12742501.979132762, 7694808.189034678, 5396383.764065281, 3165909.134195875, 2129788.8642392745, 1267510.1796314914, 787216.3452678167, 473205.10809944593, 293830.03640788875, 190942.30347151382, 145561.6970549217, 102951.66600818645, 66336.76618892068, 57738.67635898256, 48158.138547761206, 40040.77322195727, 34456.36988875507], 
[3679494555.7029133, 2270817602.458018, 1312868556.7557027, 829684498.767034, 521716429.89972526, 341816067.28891134, 187144864.1417786, 132646981.39844456, 96310955.82784352, 64882874.6165134, 34776651.09849873, 20726322.35824769, 14005345.325511886, 8568919.96625287, 3721799.729024758, 2424941.324011338, 1638840.170509081, 911144.0640486525, 627861.051077851, 415891.8954156357, 313414.4164565782, 214514.6047146635, 140323.03930584298, 112747.69043892827, 80074.04565396573, 60506.050750623, 44273.83021684269, 33063.46882299089, 24684.811555955683, 20040.823115905492], 
[3149497924.3416085, 1752377304.4933627, 1053266089.1750513, 527796659.7196095, 297136468.80773944, 159512825.91285595, 118353868.05534355, 73812322.13785297, 43555904.68778734, 30348277.626588583, 21145405.07326124, 13888219.76480549, 8607940.249414349, 4128121.7238032534, 2203638.6572457436, 1477624.7865454352, 873967.7060084647, 586832.0012604125, 355496.39363912697, 227375.797774702, 145010.43937979828, 90496.73003731173, 74165.3774536658, 54047.924729221595, 37609.14801722267, 28055.508584704763, 24076.081878841153, 20273.05127163736, 16867.195523193386, 15415.707790516753], 
[3685914595.910372, 2781602129.208315, 1729216370.9943485, 949459972.810784, 475269457.349609, 250368042.01575464, 122309760.199209, 57802446.210512474, 38401551.11669935, 25373163.18357191, 16978328.0443958, 12304099.531820683, 8595967.364406096, 4738330.886646564, 1990305.0502344947, 1446118.5722528133, 929176.6740549265, 659539.3025913757, 392372.24721309455, 252811.5062856686, 148687.40590192212, 99093.59405260702, 77197.80504925217, 51327.16205212298, 34731.32165619994, 26172.165127675267, 18534.21738474937, 16041.861100088743, 12628.43562863306, 10117.914725368291], 
