[912343.8202542634, 671374.1439479435, 549835.2210118471, 458613.1229793378, 351532.57333764894, 285488.3023535287, 218671.090199274, 176137.97207538327, 122374.71740839905, 97005.37191266245, 82022.54771565218, 63871.31558457809, 56463.13458048178, 42678.99281298242, 29307.470491258588, 22232.709366355517, 19275.049909385107, 15610.948406335725, 11547.655922687825, 8613.075861392508, 6763.801781119413, 5076.199903118703, 3499.2339439042576, 2486.312565055394, 2208.0738276398533, 1807.8649299196838, 1223.6305530251557, 916.5053591910261, 603.5802322447744, 445.8948997479412], 
[1140227.6951678887, 1036301.7134329055, 807797.7398055831, 598119.2830215011, 396211.1376936124, 274841.2423392596, 203091.0971896923, 159382.33768492407, 119131.50076612749, 90244.98269513714, 77802.34952051796, 63295.21104583752, 52045.55678297996, 44737.653422968586, 35961.64325823191, 28475.399321487672, 19267.84277420289, 15434.374140781021, 13053.272474052754, 11361.653241463817, 8674.161226463917, 5575.355298717133, 4072.4880985970417, 3243.52548673976, 2363.266105156825, 1931.455433837025, 1542.1214524610948, 1222.2002025111708, 926.7427894645292, 712.1866073667611], 
[1027186.9504239864, 854192.8914011888, 802683.9391060731, 657846.2710535841, 456634.80836247135, 390393.0256409516, 337941.4857625455, 279947.04480146244, 239583.52119270212, 189722.69161171687, 153292.9210485789, 119159.84159852454, 92203.71777793835, 79504.4539101968, 62318.86425934729, 53637.822260501736, 46239.80588788706, 38478.21016002483, 27914.536955279964, 22510.96589249764, 16210.37762125317, 14385.962325660154, 11863.072695055564, 9062.682087934692, 6819.933930471577, 4972.007624559969, 3942.8108338959437, 3208.2761514099793, 2796.6648886677553, 2253.8757164126523], 
[1037728.5380752421, 897722.2602189168, 786962.8173976786, 590558.990804625, 506198.37528819847, 414473.01625829097, 321424.85373477725, 242483.02058341992, 182120.99840103573, 149745.37973667833, 118557.68826263955, 88052.77260113298, 77111.44662788611, 53599.35975565012, 46147.36211032434, 37346.30509490638, 35600.30879136835, 26009.519025581507, 18901.18240861149, 16344.433022472816, 12599.866099300056, 8941.508332852642, 7354.394520214849, 5411.690155590446, 3994.7247089940147, 3206.8264468698962, 2672.9169557224363, 2078.4628057767445, 1481.6661130231992, 1225.1120090819277], 
[1096019.8402314244, 994251.7396121111, 832660.5731545404, 724808.9415440478, 656804.1341900373, 489801.51966407435, 387309.80547256215, 311783.6684848856, 203480.81557441058, 175683.32524616088, 136421.3595133762, 99674.90557565428, 72696.26453142343, 53213.87099125764, 36622.93860410013, 25397.709397843548, 19498.981518470675, 15961.44069717879, 13738.844528388092, 10539.588590321679, 7793.545886005241, 5555.096887500577, 4343.548023726014, 3343.381324544517, 2539.2777571295796, 1928.8926438155531, 1430.096849384072, 1134.0572582974582, 881.5912614762801, 754.9619153015324], 
[1188117.4483528428, 978358.0465550446, 819306.2289736725, 701701.2195396964, 516983.9364996161, 386560.5924105824, 332932.81859559607, 280145.7884278717, 223253.150861017, 150762.33245935294, 112940.42037070377, 85426.78490271234, 69927.52654673337, 61741.92597226926, 45648.583118183706, 35435.71336987394, 28242.066510789675, 24932.837011192063, 20878.264712243643, 16771.5473284374, 14476.56149117177, 11746.690153602927, 8837.063521177553, 6870.503659966144, 4913.805482480065, 3585.792286488975, 2700.1835602346787, 1968.953997102637, 1444.2820187951165, 1189.9424086090814], 
[909270.6838816132, 748140.3697373305, 608781.8459691885, 463888.23418142815, 356627.09423481295, 273616.2177867832, 194506.30318197672, 136870.37456959425, 120948.84082923927, 93023.72115487777, 71099.850248582, 58133.71150917222, 51511.3815625076, 40801.788395566866, 32334.161426053783, 25211.388789281602, 22911.42681859987, 17530.870047064487, 13367.012126797796, 9956.289544754387, 7784.443653442882, 5818.778339348152, 4089.8551684645777, 2925.4383993469182, 2302.772920645472, 1857.9965361917914, 1514.1940940431957, 1032.1267057080624, 753.8446985976948, 612.3166663108486], 
[1171352.3540992364, 1029590.7201470853, 875234.775875663, 699541.556611257, 599483.7877371078, 461713.33770626853, 351732.1229546955, 270896.65597790835, 180720.66961785668, 144124.52390121733, 115227.95163951571, 90816.1589676277, 75167.17544966759, 57438.264420026804, 45628.82863350041, 33870.645845464685, 28772.483755768444, 21204.878979519457, 15918.113401061897, 12867.749034642182, 8909.024108655645, 6871.408895985039, 5573.585233442057, 4883.662342062662, 3529.156861175182, 2933.3321116752895, 2519.5752593791203, 1703.6204009225587, 1330.5091787903762, 935.9977898363833], 
[1085279.7206532562, 824248.9736234796, 707664.2937806413, 586694.0612942462, 466479.17342514603, 373585.82530890947, 287759.8015567665, 228032.57155957367, 168385.32805525098, 145662.98195298744, 114904.11164714323, 90866.82182435182, 71249.93237313002, 58109.402562691845, 45288.19717386113, 34789.850112598935, 28117.499758237824, 22672.333400438652, 18893.064592112005, 14258.862717845464, 10897.42905430815, 8990.997645183843, 6803.058586504548, 5467.242510929271, 4646.705407661487, 3559.5461915669653, 2642.9074573164157, 2107.490488621858, 1691.6634660740633, 1494.0599518948457], 
[1067142.8695406443, 938078.4433235913, 720903.9564203261, 532994.1202923536, 381459.46744138474, 299643.3918638629, 226234.37356606594, 181856.70254545045, 133151.38112269324, 101691.89277173308, 83876.99191813142, 74127.02908890072, 62219.867820055166, 51807.952945798075, 46093.55814651526, 35512.781276381254, 27397.487700844445, 20139.042550651575, 17459.634366866656, 13926.289144009488, 10108.70164120351, 8111.650429416096, 6464.81425478824, 5382.520374666811, 4054.2122232035354, 3214.149490084879, 2699.8624069039565, 2123.477337218679, 1587.197520825916, 1509.4409352754278], 
[928724.7151888644, 787720.9143772773, 659075.7636886731, 480594.86068367976, 386762.4015138808, 324231.84745421703, 275421.7350988461, 217630.0890513071, 189725.5452310618, 159446.37405348022, 130243.2728454751, 98085.89595114464, 79380.7069490085, 65552.46417272766, 52655.77195814073, 43352.38505802387, 31334.318506663873, 25281.07482345481, 19755.635692168362, 15314.769137247127, 12274.832309061405, 9770.919329956641, 8757.53672530133, 7188.865580726139, 5033.436412682316, 4234.533494458033, 3184.8365250296924, 2480.6325728072916, 1776.1372102466346, 1416.37763394333], 
[903256.8130296819, 713832.6204181106, 676328.8419454355, 551385.4290116642, 462532.42340491776, 363117.89955836674, 257404.309423936, 216008.82300042396, 183661.85056116767, 136484.68304185127, 103716.26805901626, 88034.41397405659, 69012.58586296723, 50722.83558464265, 42340.52566009992, 34425.16800152336, 27695.47995945543, 22179.98752634562, 16734.424132101653, 11669.081767243104, 9345.894780631514, 7135.26264746864, 5720.9030413896135, 4637.767738764586, 3428.674152897052, 2776.5066341180363, 2528.8349722768226, 1857.9809066546907, 1600.1695606337405, 1357.8601175950992], 
[1094063.438909025, 939570.8482083287, 746185.7979074478, 624651.9989708425, 544851.2879252679, 409540.07439057593, 291296.1476536721, 225258.35843963106, 175776.06346261676, 139311.28730088164, 121748.57830707506, 97278.97479638315, 67255.66679318828, 48854.27664815307, 35581.574521647904, 27680.430719447, 18144.94826664652, 14743.936074868376, 9774.671550526491, 8195.111676253502, 6382.116099110695, 5211.346232745719, 3761.414383340051, 3017.1724434469184, 2298.94445397861, 1644.4739658662577, 1344.8163037202162, 1042.0326286698198, 796.8669149184316, 554.4354892347473], 
[1031085.2233727041, 825172.7857348747, 663758.057267039, 517575.8726674915, 434073.6500969742, 333760.73141508084, 282118.0218439232, 198914.96197365012, 154884.56120015105, 112182.72853136691, 76127.2757321356, 67051.41976328692, 52443.584328520235, 40369.16135649245, 33183.88486221695, 26464.228052339047, 17520.69648849618, 13960.622528694139, 11658.466168938785, 7759.826912522544, 6297.437337558486, 4829.250596020341, 4281.58663216561, 2850.1831168091508, 2335.173453296787, 1789.056271508174, 1439.5659157932018, 1188.2431707357935, 937.4477276544233, 676.7618540040382], 
[1049034.3976740655, 786340.0014668753, 722734.2089531873, 562401.2236033658, 440118.14496204467, 367778.99173811544, 289341.58353142935, 213101.92707249886, 163512.80947588422, 137139.38211338044, 112979.15246572993, 99118.2515085389, 76721.46965677635, 62663.0025741359, 52048.604518412256, 38624.23078932928, 31362.87342964717, 25737.84728090621, 18034.5626916338, 13308.043021651143, 9979.576681282782, 8448.901628532733, 6823.00952061787, 6023.279688569506, 4654.792081296346, 3586.502460073743, 3005.1058041100323, 2487.440875388168, 2018.9996173155187, 1497.787366788613], 
[1165035.451924001, 1078107.7033548406, 941016.9353667428, 801121.506124433, 701081.8093643995, 603046.6911117767, 482899.1298574639, 343428.3297074834, 248647.1666786456, 161254.2451073079, 116446.67817892622, 87263.8226690088, 70666.07746692095, 53551.0912524552, 43812.3454145752, 33294.79002132718, 27321.765502953072, 22483.550814781884, 17362.44440904873, 14144.019548760982, 12206.00199291883, 10027.880540664823, 8245.359909567456, 6388.967089375795, 5191.6159520949095, 4241.718059795367, 3080.7065777494677, 2354.518767375048, 1913.0374508863206, 1385.225096711416], 
[1011399.2108887301, 952155.2224998206, 753001.9163752164, 610670.0116479254, 460380.28765078605, 310509.46758243226, 251351.52736880994, 225050.4510701048, 197311.1418675542, 145293.12515380615, 113335.04574390435, 95080.87898632069, 78490.72260669587, 63795.87262033789, 47436.65691871651, 37243.45906858021, 29226.49239052956, 23251.87151519244, 18213.92468712657, 16210.568185070657, 12576.286934076299, 10488.098884693507, 8557.401316119447, 7394.826728587758, 6057.65517936165, 4808.960183377117, 3700.013348929704, 2927.411194173476, 2144.3173120308843, 1785.2110701083966], 
[1033724.5592448795, 948364.7187559804, 724541.7141367747, 567281.9830276399, 447427.2376147904, 363536.5204741923, 267201.3806043137, 224687.16744775706, 188363.60775861185, 155080.5653186017, 130324.27656837784, 104848.35529530895, 89174.4637390115, 67391.16969347674, 59171.44852076695, 46624.08744855735, 35558.080073328885, 25090.73218774852, 19010.392746300935, 15693.45510269247, 11506.769565312934, 8657.548694250572, 7237.014827427688, 5560.605579576092, 4364.50477422172, 3664.1478854450556, 2791.109505070212, 2002.9554271388024, 1494.5429072445072, 1081.102368073837], 
[994209.2575091243, 880554.2782062766, 745719.9878552771, 592825.1970446426, 543380.276593164, 402751.7874459976, 294374.1305166968, 250630.8963333958, 194985.17073226944, 174222.18283703167, 134500.49930649664, 118340.47417739018, 84172.38812698792, 60948.24009554798, 46442.87586211415, 35277.10539004292, 31438.55247016795, 24890.167056679176, 19875.110223141575, 16004.314808111476, 13214.35269802208, 10800.854027317077, 9201.987891367948, 7556.080168569752, 5584.876141186085, 4506.690273932523, 3754.784322828801, 3054.226158655001, 2589.971597834131, 2157.9888201312947],
[1146153.625886685, 921311.9805610453, 772705.3183843445, 730895.876669144, 599619.1195466655, 553954.9449635036, 404617.09280780196, 304182.5875695236, 246124.2372453859, 193353.38201943669, 173454.53710153603, 133692.46508534587, 99300.31230138439, 76962.33255438165, 49623.58887655936, 41961.218965990156, 33010.879162878286, 26659.610455567872, 24613.138549485422, 17121.26932556616, 13935.59386161815, 11977.617690660656, 9778.350052732238, 7670.857682613369, 5093.616485851394, 4050.7285136079217, 3130.3919761835973, 2347.8963507851895, 1999.2427937110458, 1448.5194479060697], 
[951719.3522016135, 781775.4787126968, 577538.9701617493, 496977.5403428637, 402919.19908406265, 310165.2891829579, 240441.5693286954, 199163.0482096045, 178323.063864079, 143623.29393871268, 110903.63577224727, 96120.8713607711, 78090.07371930295, 56962.15687249449, 39637.02574542126, 28364.829651930344, 24462.74336087279, 17520.85561717845, 14549.558166666784, 12098.829508649113, 9544.253643012471, 8210.394002434043, 6983.868731445509, 5680.094834826407, 4649.3384729979, 3790.1340333974044, 3223.597089357736, 2921.4374461919338, 2206.613768724753, 1847.7314141507534], 
[942625.4060794284, 772009.1220972686, 651824.1627612088, 544275.9018812993, 426096.0613341537, 278760.0049841906, 221054.06681296034, 171530.19189065185, 139318.59941965554, 113293.29813917281, 88928.30751526034, 72596.91070693717, 49705.29359289325, 44231.83109867043, 35604.236448928954, 28661.149886428182, 25767.40837088842, 20985.792579569756, 17942.2911821833, 15390.027984272498, 11118.42593654976, 7998.128548814063, 6063.907568619068, 4726.984385492138, 4074.384040629707, 2957.3455425403668, 2194.28030387576, 1775.643007639023, 1400.9680942575947, 1117.372881999543], 
[964088.2211508208, 706461.4197091077, 571065.7241808302, 467066.0634539967, 343366.86365740345, 273916.05415798235, 195442.75482087123, 156633.23227780458, 126027.95304037372, 99105.10843629613, 75154.46395517075, 54579.816989583116, 39755.26856434048, 25532.278023032013, 22857.596379284496, 17381.93209230175, 13137.99116196564, 9944.247296163372, 7462.278714461973, 6149.409471439151, 4953.958233832451, 4479.342729032129, 3836.148568249999, 3080.9792985320355, 2458.8521777240044, 2155.5526342333415, 1715.2425201725139, 1436.5420965025257, 1037.5984210879697, 749.2926379212572], 
[1129764.4173862129, 1021386.3925710601, 827075.4079108664, 671693.1104850924, 573387.2308037735, 446728.81752836454, 329675.0355857583, 256166.57875852723, 219427.39647560247, 171696.35814762398, 140325.61633399467, 97998.79067581988, 78249.43861575695, 64667.50576272077, 49638.00794677822, 34888.08926026472, 26069.241387980197, 22657.618894227544, 18893.724153248888, 14162.536336124747, 10639.93064436508, 7692.593744094834, 5340.596133493592, 4303.141656337427, 3271.2871542978282, 2376.9022653571487, 1848.0745669248224, 1523.0106233529632, 1220.0332639808878, 1001.3719914498636], 
[1156196.6748159332, 1026103.7730693816, 842680.630882057, 637699.0732976958, 510794.89928949904, 435932.61703689076, 312226.24766919523, 259606.31056441917, 228594.9705675828, 167345.1075483643, 124316.65037121378, 100819.3789805067, 81847.80082867375, 67658.05609482653, 50672.91729013837, 33704.4782550853, 27841.488229297443, 20293.76138871314, 14899.69190433103, 13113.580811921616, 10481.16124129599, 7772.690124487806, 5923.494938445463, 5195.803595965229, 4175.711492174161, 3259.7279580115273, 2691.9766557310563, 2087.30595549226, 1561.6011109699543, 1352.4515357682815], 
