[20.730261082516254, 20.730261082516254, 20.561919518362167, 20.561919518362167, 20.561919518362167, 20.561919518362167, 20.561919518362167, 20.561919518362167, 20.561919518362167, 20.561919518362167, 20.561919518362167, 20.561919518362167, 20.561919518362167, 20.561919518362167, 20.561919518362167, 20.561919518362167, 20.561919518362167, 20.561919518362167, 20.561919518362167, 20.561919518362167, 20.561919518362167, 20.561919518362167, 20.561919518362167, 20.561919518362167, 20.561919518362167, 20.561919518362167, 20.561919518362167, 20.561919518362167, 20.561919518362167, 20.561919518362167], 
[20.751971540450185, 20.751971540450185, 20.751971540450185, 20.751971540450185, 20.722051627654228, 20.722051627654228, 20.722051627654228, 20.722051627654228, 20.722051627654228, 20.722051627654228, 20.722051627654228, 20.722051627654228, 20.722051627654228, 20.722051627654228, 20.722051627654228, 20.722051627654228, 20.722051627654228, 20.722051627654228, 20.722051627654228, 20.722051627654228, 20.722051627654228, 20.647932968058246, 20.647932968058246, 20.647932968058246, 20.647932968058246, 20.647932968058246, 20.647932968058246, 20.647932968058246, 20.647932968058246, 20.647932968058246], 
[20.810652314998894, 20.730522223743208, 20.730522223743208, 20.730522223743208, 20.730522223743208, 20.730522223743208, 20.730522223743208, 20.730522223743208, 20.730522223743208, 20.730522223743208, 20.730522223743208, 20.730522223743208, 20.730522223743208, 20.730522223743208, 20.730522223743208, 20.730522223743208, 20.730522223743208, 20.730522223743208, 20.730522223743208, 20.730522223743208, 20.730522223743208, 20.730522223743208, 20.730522223743208, 20.730522223743208, 20.730522223743208, 20.730522223743208, 20.730522223743208, 20.730522223743208, 20.730522223743208, 20.730522223743208], 
[20.826544638507933, 20.697103177306047, 20.697103177306047, 20.697103177306047, 20.697103177306047, 20.697103177306047, 20.697103177306047, 20.697103177306047, 20.697103177306047, 20.697103177306047, 20.64412786323546, 20.64412786323546, 20.64412786323546, 20.64412786323546, 20.64412786323546, 20.64412786323546, 20.64412786323546, 20.64412786323546, 20.64412786323546, 20.64412786323546, 20.64412786323546, 20.64412786323546, 20.64412786323546, 20.64412786323546, 20.64412786323546, 20.64412786323546, 20.64412786323546, 20.64412786323546, 20.64412786323546, 20.64412786323546],
[20.76779753781549, 20.76779753781549, 20.76779753781549, 20.76779753781549, 20.76779753781549, 20.76779753781549, 20.76779753781549, 20.76779753781549, 20.76779753781549, 20.76779753781549, 20.76779753781549, 20.76779753781549, 20.76779753781549, 20.76779753781549, 20.76779753781549, 20.76779753781549, 20.76779753781549, 20.76779753781549, 20.76779753781549, 20.76779753781549, 20.76779753781549, 20.76779753781549, 20.76779753781549, 20.76779753781549, 20.76779753781549, 20.76779753781549, 20.76779753781549, 20.76779753781549, 20.76779753781549, 20.76779753781549],
[20.819366293617364, 20.686452701931547, 20.686452701931547, 20.686452701931547, 20.686452701931547, 20.686452701931547, 20.686452701931547, 20.686452701931547, 20.686452701931547, 20.66861049466658, 20.66861049466658, 20.66861049466658, 20.66861049466658, 20.66861049466658, 20.66861049466658, 20.66861049466658, 20.66861049466658, 20.66861049466658, 20.66861049466658, 20.66861049466658, 20.66861049466658, 20.66861049466658, 20.66861049466658, 20.66861049466658, 20.66861049466658, 20.66861049466658, 20.66861049466658, 20.66861049466658, 20.66861049466658, 20.66861049466658],
[20.772838430877925, 20.772838430877925, 20.772838430877925, 20.77066868761609, 20.77066868761609, 20.40609937350958, 20.40609937350958, 20.40609937350958, 20.40609937350958, 20.40609937350958, 20.40609937350958, 20.40609937350958, 20.40609937350958, 20.40609937350958, 20.40609937350958, 20.40609937350958, 20.40609937350958, 20.40609937350958, 20.40609937350958, 20.40609937350958, 20.40609937350958, 20.40609937350958, 20.40609937350958, 20.40609937350958, 20.40609937350958, 20.40609937350958, 20.40609937350958, 20.40609937350958, 20.40609937350958, 20.40609937350958],
[20.7116792676197, 20.7116792676197, 20.7116792676197, 20.7116792676197, 20.7116792676197, 20.7116792676197, 20.7116792676197, 20.7116792676197, 20.7116792676197, 20.7116792676197, 20.7116792676197, 20.7116792676197, 20.7116792676197, 20.7116792676197, 20.7116792676197, 20.7116792676197, 20.7116792676197, 20.7116792676197, 20.7116792676197, 20.7116792676197, 20.7116792676197, 20.7116792676197, 20.7116792676197, 20.7116792676197, 20.7116792676197, 20.7116792676197, 20.7116792676197, 20.7116792676197, 20.7116792676197, 20.7116792676197],
[20.72135064061791, 20.72135064061791, 20.72135064061791, 20.72135064061791, 20.72135064061791, 20.72135064061791, 20.72135064061791, 20.72135064061791, 20.72135064061791, 20.72135064061791, 20.72135064061791, 20.72135064061791, 20.72135064061791, 20.72135064061791, 20.72135064061791, 20.72135064061791, 20.72135064061791, 20.72135064061791, 20.72135064061791, 20.72135064061791, 20.72135064061791, 20.72135064061791, 20.72135064061791, 20.72135064061791, 20.72135064061791, 20.72135064061791, 20.72135064061791, 20.72135064061791, 20.72135064061791, 20.72135064061791],
[20.707214397850592, 20.707214397850592, 20.707214397850592, 20.707214397850592, 20.707214397850592, 20.707214397850592, 20.610346171808498, 20.610346171808498, 20.610346171808498, 20.610346171808498, 20.610346171808498, 20.610346171808498, 20.610346171808498, 20.610346171808498, 20.610346171808498, 20.610346171808498, 20.610346171808498, 20.610346171808498, 20.610346171808498, 20.610346171808498, 20.610346171808498, 20.610346171808498, 20.610346171808498, 20.610346171808498, 20.610346171808498, 20.610346171808498, 20.610346171808498, 20.610346171808498, 20.610346171808498, 20.610346171808498],
[20.760588340757728, 20.75764299207075, 20.75764299207075, 20.75764299207075, 20.732197855535663, 20.732197855535663, 20.732197855535663, 20.732197855535663, 20.732197855535663, 20.732197855535663, 20.732197855535663, 20.732197855535663, 20.732197855535663, 20.732197855535663, 20.732197855535663, 20.732197855535663, 20.732197855535663, 20.732197855535663, 20.732197855535663, 20.732197855535663, 20.732197855535663, 20.732197855535663, 20.732197855535663, 20.732197855535663, 20.732197855535663, 20.732197855535663, 20.732197855535663, 20.732197855535663, 20.732197855535663, 20.732197855535663],
[20.62941950271869, 20.62941950271869, 20.62941950271869, 20.62941950271869, 20.62941950271869, 20.62941950271869, 20.62941950271869, 20.62941950271869, 20.62941950271869, 20.62941950271869, 20.62941950271869, 20.62941950271869, 20.62941950271869, 20.62941950271869, 20.62941950271869, 20.62941950271869, 20.62941950271869, 20.62941950271869, 20.62941950271869, 20.62941950271869, 20.62941950271869, 20.62941950271869, 20.62941950271869, 20.62941950271869, 20.62941950271869, 20.62941950271869, 20.62941950271869, 20.62941950271869, 20.62941950271869, 20.62941950271869],
[20.819710272714445, 20.819710272714445, 20.77570964447416, 20.678063839443535, 20.678063839443535, 20.678063839443535, 20.678063839443535, 20.678063839443535, 20.678063839443535, 20.678063839443535, 20.678063839443535, 20.678063839443535, 20.678063839443535, 20.678063839443535, 20.678063839443535, 20.678063839443535, 20.678063839443535, 20.678063839443535, 20.678063839443535, 20.678063839443535, 20.678063839443535, 20.678063839443535, 20.678063839443535, 20.678063839443535, 20.678063839443535, 20.678063839443535, 20.678063839443535, 20.678063839443535, 20.678063839443535, 20.678063839443535],
[20.767200765617734, 20.767200765617734, 20.70621807075691, 20.70621807075691, 20.70621807075691, 20.70621807075691, 20.70621807075691, 20.70621807075691, 20.70621807075691, 20.70621807075691, 20.70621807075691, 20.70621807075691, 20.70621807075691, 20.70621807075691, 20.70621807075691, 20.70621807075691, 20.70621807075691, 20.70621807075691, 20.70621807075691, 20.70621807075691, 20.70621807075691, 20.70621807075691, 20.70621807075691, 20.70621807075691, 20.70621807075691, 20.70621807075691, 20.70621807075691, 20.70621807075691, 20.70621807075691, 20.70621807075691], 
[20.51471108483891, 20.51471108483891, 20.51471108483891, 20.51471108483891, 20.51471108483891, 20.51471108483891, 20.51471108483891, 20.51471108483891, 20.51471108483891, 20.51471108483891, 20.51471108483891, 20.51471108483891, 20.51471108483891, 20.51471108483891, 20.51471108483891, 20.51471108483891, 20.51471108483891, 20.51471108483891, 20.51471108483891, 20.51471108483891, 20.51471108483891, 20.51471108483891, 20.51471108483891, 20.51471108483891, 20.51471108483891, 20.51471108483891, 20.51471108483891, 20.51471108483891, 20.51471108483891, 20.51471108483891], 
[20.77713719567313, 20.764193260619997, 20.764193260619997, 20.764193260619997, 20.764193260619997, 20.764193260619997, 20.764193260619997, 20.764193260619997, 20.764193260619997, 20.764193260619997, 20.764193260619997, 20.764193260619997, 20.764193260619997, 20.764193260619997, 20.764193260619997, 20.764193260619997, 20.764193260619997, 20.764193260619997, 20.764193260619997, 20.764193260619997, 20.764193260619997, 20.764193260619997, 20.764193260619997, 20.764193260619997, 20.764193260619997, 20.764193260619997, 20.764193260619997, 20.764193260619997, 20.764193260619997, 20.764193260619997], 
[20.769844221883094, 20.769844221883094, 20.67695316702299, 20.67695316702299, 20.67695316702299, 20.67695316702299, 20.67695316702299, 20.67695316702299, 20.67695316702299, 20.67695316702299, 20.67695316702299, 20.67695316702299, 20.67695316702299, 20.67695316702299, 20.67695316702299, 20.67695316702299, 20.67695316702299, 20.67695316702299, 20.67695316702299, 20.67695316702299, 20.67695316702299, 20.67695316702299, 20.67695316702299, 20.67695316702299, 20.67695316702299, 20.67695316702299, 20.67695316702299, 20.67695316702299, 20.67695316702299, 20.67695316702299], 
[20.852124528629272, 20.852124528629272, 20.643282864421412, 20.643282864421412, 20.643282864421412, 20.643282864421412, 20.643282864421412, 20.58834804657608, 20.58834804657608, 20.58834804657608, 20.58834804657608, 20.58834804657608, 20.58834804657608, 20.58834804657608, 20.58834804657608, 20.58834804657608, 20.58834804657608, 20.58834804657608, 20.58834804657608, 20.58834804657608, 20.58834804657608, 20.58834804657608, 20.58834804657608, 20.58834804657608, 20.58834804657608, 20.58834804657608, 20.58834804657608, 20.58834804657608, 20.58834804657608, 20.58834804657608], 
[20.693552946777697, 20.693552946777697, 20.693552946777697, 20.693552946777697, 20.693552946777697, 20.693552946777697, 20.693552946777697, 20.693552946777697, 20.693552946777697, 20.693552946777697, 20.693552946777697, 20.693552946777697, 20.693552946777697, 20.693552946777697, 20.693552946777697, 20.693552946777697, 20.693552946777697, 20.693552946777697, 20.693552946777697, 20.693552946777697, 20.693552946777697, 20.693552946777697, 20.693552946777697, 20.693552946777697, 20.693552946777697, 20.693552946777697, 20.693552946777697, 20.693552946777697, 20.693552946777697, 20.693552946777697], 
[20.708046096810747, 20.708046096810747, 20.708046096810747, 20.708046096810747, 20.61519764512718, 20.61519764512718, 20.61519764512718, 20.61519764512718, 20.61519764512718, 20.61519764512718, 20.61519764512718, 20.61519764512718, 20.61519764512718, 20.61519764512718, 20.61519764512718, 20.61519764512718, 20.61519764512718, 20.61519764512718, 20.61519764512718, 20.61519764512718, 20.61519764512718, 20.61519764512718, 20.61519764512718, 20.61519764512718, 20.61519764512718, 20.61519764512718, 20.61519764512718, 20.61519764512718, 20.61519764512718, 20.61519764512718], 
[20.691467638661884, 20.691467638661884, 20.691467638661884, 20.691467638661884, 20.691467638661884, 20.691467638661884, 20.691467638661884, 20.691467638661884, 20.691467638661884, 20.691467638661884, 20.691467638661884, 20.691467638661884, 20.691467638661884, 20.691467638661884, 20.691467638661884, 20.691467638661884, 20.691467638661884, 20.691467638661884, 20.691467638661884, 20.691467638661884, 20.691467638661884, 20.691467638661884, 20.691467638661884, 20.691467638661884, 20.691467638661884, 20.691467638661884, 20.691467638661884, 20.691467638661884, 20.691467638661884, 20.691467638661884], 
[20.71369294544499, 20.55647026221246, 20.55647026221246, 20.55647026221246, 20.55647026221246, 20.55647026221246, 20.55647026221246, 20.55647026221246, 20.55647026221246, 20.55647026221246, 20.55647026221246, 20.55647026221246, 20.55647026221246, 20.55647026221246, 20.55647026221246, 20.55647026221246, 20.55647026221246, 20.55647026221246, 20.55647026221246, 20.55647026221246, 20.55647026221246, 20.55647026221246, 20.55647026221246, 20.55647026221246, 20.55647026221246, 20.55647026221246, 20.55647026221246, 20.55647026221246, 20.55647026221246, 20.55647026221246], 
[20.84306666562008, 20.805513419320686, 20.805513419320686, 20.715593575636845, 20.715593575636845, 20.715593575636845, 20.715593575636845, 20.715593575636845, 20.715593575636845, 20.715593575636845, 20.715593575636845, 20.715593575636845, 20.715593575636845, 20.715593575636845, 20.715593575636845, 20.715593575636845, 20.715593575636845, 20.715593575636845, 20.715593575636845, 20.715593575636845, 20.715593575636845, 20.715593575636845, 20.715593575636845, 20.715593575636845, 20.715593575636845, 20.715593575636845, 20.715593575636845, 20.715593575636845, 20.715593575636845, 20.715593575636845], 
[20.796049794301428, 20.796049794301428, 20.796049794301428, 20.796049794301428, 20.796049794301428, 20.796049794301428, 20.73011513514855, 20.73011513514855, 20.73011513514855, 20.73011513514855, 20.73011513514855, 20.73011513514855, 20.73011513514855, 20.73011513514855, 20.73011513514855, 20.73011513514855, 20.650140459188357, 20.650140459188357, 20.650140459188357, 20.650140459188357, 20.650140459188357, 20.650140459188357, 20.650140459188357, 20.650140459188357, 20.650140459188357, 20.650140459188357, 20.650140459188357, 20.650140459188357, 20.650140459188357, 20.650140459188357], 
[20.77302056864101, 20.77302056864101, 20.757557998518266, 20.757557998518266, 20.757557998518266, 20.757557998518266, 20.757557998518266, 20.757557998518266, 20.757557998518266, 20.623332740222928, 20.623332740222928, 20.623332740222928, 20.623332740222928, 20.623332740222928, 20.623332740222928, 20.623332740222928, 20.623332740222928, 20.623332740222928, 20.623332740222928, 20.623332740222928, 20.623332740222928, 20.623332740222928, 20.623332740222928, 20.623332740222928, 20.623332740222928, 20.623332740222928, 20.623332740222928, 20.623332740222928, 20.623332740222928, 20.623332740222928], 
