[360600021.12268955, 173346044.5330867, 78280077.01606943, 37548734.84790877, 20665089.005286675, 10526204.096237028, 5974314.224628266, 2962066.5210762145, 1515544.54081628, 745943.0683623764, 502370.34909480734, 253967.3925905353, 140952.98907545995, 78190.68426880376, 50134.21051453992, 31708.42726840985, 21013.09772693182, 15631.792947127142, 11171.161247376962, 7752.763329643031, 6751.157646405139, 5498.709911677984, 4523.96099939096, 3280.0541236463905, 3136.6175645877047, 2412.0183850418307, 2084.541099975601, 1812.5981379666516, 1445.9266380185004, 1314.7654509047625], 
[339209500.27514404, 150826565.74347857, 69428738.09860128, 34163861.81009824, 14426227.324632691, 7605601.7796923, 3768901.360680847, 2053126.8398295373, 975414.4106376213, 490288.78786734364, 229825.3227129876, 142553.52636596098, 86570.16205154991, 48316.838929082085, 30701.97878036836, 21129.090650265647, 15953.880590519511, 11933.72176831006, 8449.247246269842, 6163.705002459525, 5150.848493221549, 4117.683969481245, 3513.3089730381835, 2759.202558540831, 2541.663461279644, 2150.1349148119766, 1940.5938919550213, 1728.4245481703886, 1586.4585447998263, 1429.0666254167224], 
[311290707.3697947, 139561236.49399802, 68284725.36968488, 32080590.491017498, 13356910.077983007, 8007082.952927012, 4072947.1617313945, 2123955.5417748615, 1188586.6411228233, 601271.7088377568, 313646.9654091922, 174586.20905437475, 95993.10587365583, 64142.628746733324, 41359.011239932384, 24833.39248311505, 18132.91000659572, 11948.427551268458, 8405.032488675286, 6595.654716431918, 5761.2405339963525, 5112.264679631794, 3859.0152786769845, 3270.1032344614664, 2780.332030299828, 2404.534544692725, 2009.5289226672378, 1862.504591017628, 1536.921925540021, 1269.0599861617038], 
[327775718.34786636, 142853988.60433003, 66327861.56635387, 27583162.480484765, 11614012.389989264, 6509321.162132723, 2963316.7042509224, 1359922.5489226016, 782324.7799200243, 402089.32889019384, 204182.97917616036, 123272.89664363602, 69714.46377122686, 40981.19395700671, 28905.821180604835, 19506.338189570142, 13476.222438058841, 10138.692355371448, 7507.159600957555, 6102.024209594989, 4649.280119078169, 3910.9450776028048, 3287.2081099145366, 2745.7429428368755, 2264.234778445461, 1992.3067958943686, 1612.0904297055013, 1474.5235412793436, 1321.6214594592982, 1109.5715735072456], 
[334798050.87724245, 145314639.12842616, 73965982.92866081, 36059537.487512015, 16953977.60280974, 8677233.923360901, 4546739.608584514, 2005588.8172733583, 1047079.2008146308, 549505.716940642, 297112.95803643117, 150059.19039800056, 104589.44281508197, 63919.353341006215, 37194.14342389493, 25464.13389467341, 17645.896361775158, 12830.220348324538, 9692.686523659857, 7890.997259073934, 6203.088436656442, 4527.105663334184, 3943.3590097421516, 3461.9605814066, 2708.618655550292, 2379.05864178107, 2247.914094551117, 1840.0718611103748, 1649.6403059891973, 1415.6928918278445], 
[327559040.24124527, 133486781.08844762, 68825053.82808179, 30279065.41981834, 15808522.407984283, 6722374.096296718, 3401705.907992419, 1887821.1543323942, 860578.5534551701, 470504.1681224924, 271353.626776789, 152059.1517298809, 85458.09421412964, 49715.16595562261, 32106.315975240315, 21449.28753410461, 15487.414166378008, 12358.413063265163, 8936.247689563274, 6545.797363001399, 5051.3296122335305, 4271.720775338816, 3518.356614880282, 3091.476433611635, 2544.4003314450506, 2140.9434065476376, 1841.1324275624404, 1577.3699637568134, 1316.9497652099037, 1208.114311535188],
[323959241.9563271, 128409948.90015867, 62381457.94189537, 27507459.329710353, 14809711.150401061, 6592515.096963061, 3564892.0392189915, 1813238.0359630808, 902829.1841238801, 512722.59032658197, 266738.65824730304, 145005.42293717279, 88159.6771515277, 54840.297072080284, 35523.04915939952, 25583.673345052008, 17575.998793346233, 12723.425021113324, 9133.02084687068, 7202.033401235428, 6196.587239040486, 4777.818674486294, 4403.433319839465, 3734.6060759315887, 3153.56925879309, 2619.784478791438, 2364.731411268347, 2034.423347515954, 1815.270747036626, 1559.11627387252],
[332313550.3983893, 145083039.1571366, 64917139.77687244, 28966242.805130985, 13606204.641119283, 6386804.55056971, 3251079.345129045, 1737062.577195053, 935297.4811265948, 501001.54354087205, 302184.79010598187, 168000.06973971412, 93199.90036114419, 58900.97370537607, 36961.06692421367, 28054.274799522238, 19545.8668814446, 13045.006099430177, 10355.512010579982, 8073.520750211535, 6756.316460853562, 4642.803917667194, 4555.174112398496, 4035.0201885300785, 3187.7728763965906, 2835.0725214966337, 2695.8712366202853, 2287.238864485503, 2078.4660837057068, 1875.6677477146118],
[321544888.16596276, 152333826.78101578, 71767864.48002091, 35150841.04853807, 20246893.865235016, 11355784.248851981, 5472923.292258186, 2587367.1722539957, 1315143.772971931, 629492.7682110987, 330943.79339506646, 205258.27038400574, 115320.43817202351, 64012.332807163635, 42777.05681592227, 29247.31293684098, 17842.231367875695, 13265.484295033495, 8807.521604669744, 7756.730919208607, 5823.6701830606735, 4876.095394817025, 4096.249278448064, 3289.347767926387, 2922.299092002319, 2593.94217467137, 2309.9934715759478, 1756.5949638623774, 1681.5996372663974, 1474.7089692189627], 
[342632877.47040576, 162384917.77887157, 73025793.4117806, 32650211.488226958, 17756014.576827005, 8398373.487334838, 4188226.903697809, 1970140.910102449, 1039000.3726399228, 429126.5946059177, 250839.0418305325, 151912.0178152505, 93932.97397367765, 60723.48595272095, 37123.6358906398, 25002.88623082025, 16349.562695650522, 12165.995133696662, 8711.557681401446, 6954.955984214499, 5395.941875490498, 4736.609385985211, 3913.4099301748356, 3306.147798791743, 2860.010356502083, 2452.3721220143257, 2174.7243474435604, 1910.0825923664981, 1605.4418526379209, 1517.175203863441], 
[366013254.4124019, 159107025.48717877, 71005863.10774836, 35997115.1461218, 18132098.58340046, 9837092.806528613, 4741195.214602299, 2545667.427090541, 1196423.1513493888, 657948.4284751322, 361203.10175978387, 168783.34507635026, 107397.47810328232, 63319.24684193728, 37748.0864137644, 24954.005468013762, 17382.94020280406, 12952.402390786601, 9499.923536358858, 6995.642005243656, 5187.204347247781, 4950.712675385285, 3886.860183449249, 3423.7892585163677, 3093.930721249865, 2468.603538729425, 2294.2523353975694, 2106.6994666530827, 1839.3752681791436, 1699.0385912552808], 
[328049540.05285656, 124642326.50749138, 62521118.0458048, 29610530.003810033, 14537254.818700917, 6897867.474760477, 3651251.8915653224, 1747986.6171130496, 933136.7525774429, 505481.67079542193, 250809.71915013372, 122276.05292192035, 74732.74178926872, 41670.726028226585, 26405.18069785321, 17185.555296929073, 13074.956390775318, 9504.542675782717, 7080.7339118561595, 5815.522377671796, 4548.431144372643, 3923.3974773148548, 2934.3291224687127, 2638.513966927759, 2147.787283428281, 1834.4431846637467, 1617.2672099199165, 1349.819035075784, 1197.073883614533, 991.873667817631], 
[369516586.1636587, 171433557.0749937, 73894707.43011138, 38983040.24993114, 17701082.678961497, 9298432.087072583, 4065743.9089278253, 1910902.4608276768, 1101565.343364872, 562739.7898596529, 338256.3128835518, 182172.0971520035, 112884.39770842856, 63730.99421403692, 40977.51612475863, 27211.45829596992, 18517.860687733697, 11985.775332380754, 10217.64438774549, 7518.00673875038, 5885.294232355001, 4470.700560122156, 4019.015482651099, 3446.8390556578815, 3016.9962595305155, 2521.0716536998757, 2132.4806204773718, 1829.2640145057, 1549.7968539968433, 1399.666320382474], 
[337599473.36858255, 155022676.32388598, 76802430.10097134, 38746552.06166935, 20049305.74408723, 9561400.754394464, 4537203.113984404, 2650844.6626838236, 1338250.3128189908, 690215.6567959667, 339097.4342834849, 180132.14693198111, 113253.9023409589, 63622.191766080956, 40964.677394025064, 27720.887491147863, 19251.282047844594, 14469.310075663476, 11251.126954644751, 8613.9747281715, 6793.777603616796, 5480.446802937253, 4674.320266666375, 3856.9243947992445, 3272.004727567701, 2891.9697965145688, 2518.7679283861507, 2033.7299492313766, 1649.5365422507664, 1534.3537246683525], 
[330055020.4748766, 131303474.7595959, 62020419.48998572, 29902835.076430798, 13673442.40023615, 7406528.30744022, 3517167.183524945, 1808787.0909038421, 906128.8753845022, 470161.17823303567, 257675.02330648902, 148855.2510182596, 86198.09795664831, 50143.165640502906, 27346.25793566058, 19620.763476990833, 14133.240198670088, 10349.962427282617, 7672.2474723410905, 6073.500633577678, 4549.583848013127, 4218.773594419177, 3379.494101184605, 2934.3456284653425, 2660.9748423717165, 2312.067727981869, 1974.014744013625, 1705.9182594163053, 1564.8986593019426, 1293.4060028404492], 
[336641401.2956521, 148532009.12364104, 61026114.416436635, 28860879.17348987, 13066759.678985933, 6169160.593184006, 2933871.541990294, 1470021.6932232871, 696797.0001849391, 349969.84933959856, 207913.56432725152, 108685.77990195098, 66891.13141316584, 45732.36478842783, 27048.609381232884, 19564.73785600481, 15248.319405832171, 10543.41898336043, 8283.034679947668, 6686.151905393944, 5127.453838129717, 4192.574765923488, 3537.624255151567, 3049.192306600631, 2502.580799812205, 2234.4228819444197, 1961.1870499093195, 1622.9873992593, 1484.3886847682563, 1216.354203970687], 
[330821291.32690394, 150549059.28720716, 66247934.97687319, 33888613.35040054, 16521799.590053594, 7980700.053271981, 4801994.359448865, 2482074.3609790755, 874538.5969331188, 578263.6795715118, 289122.1299525758, 158888.18957978915, 95394.36356369716, 54471.75800349978, 31608.48554131316, 22330.602172442337, 14304.946073531888, 11833.729326508415, 8174.390309797154, 6390.14468104472, 5378.698316060488, 4423.894650299428, 3638.646386860706, 2597.374553302448, 2398.3139781146506, 2122.5406311756956, 1757.0528077904464, 1524.9815148958032, 1230.281832418318, 1071.6861148045891], 
[330779912.86488724, 134875016.40430668, 59333025.313747965, 29680791.29884837, 15769958.515382968, 7945591.267974501, 3722665.54389703, 2044781.6300397173, 1035964.0083246024, 542135.4802757185, 277896.52767759084, 156635.7418929887, 98113.45683099405, 63452.69721680771, 38142.48848427535, 23482.783574616926, 15124.133927381916, 11289.424460423188, 8060.9456306366055, 6614.481922075478, 5080.897391776051, 4199.351961709833, 3679.049315833608, 3126.1759731884295, 2673.2952372312247, 2377.308698714082, 1915.6787142637997, 1686.545357464727, 1583.3858393931905, 1326.545237967049], 
[337195819.658468, 155473165.44946396, 58372520.588738516, 32243995.947425276, 17823097.739283, 7943930.0730180275, 4433034.435723059, 2354542.3696870576, 1144908.1485710915, 618283.0050950653, 333395.1259943865, 190720.71062205205, 102222.34929664608, 62840.55246134754, 42509.66917189218, 25873.592106337615, 18892.98033662786, 13964.301362383232, 11042.304727798755, 8574.415441437684, 6561.471523365086, 5573.428411832061, 4848.470700589556, 3978.0857108342416, 3298.78923476807, 2733.205250986417, 2329.6451064398593, 1987.4448480435367, 1816.211262652435, 1582.2925435815996], 
[324806274.16185665, 153724286.92871246, 65286700.33427257, 33840094.00894834, 16783856.38136766, 8478464.465996463, 3775502.187815081, 2088488.0205700295, 992219.0715540654, 525484.4072012345, 282676.3682571134, 175646.06718304707, 92537.34995420983, 63542.7979937045, 40892.46521233577, 28632.760273586086, 18754.841135459348, 14007.516013909559, 10393.544008346498, 8170.458174774235, 6423.868023366079, 5476.698864048994, 4393.303134470015, 3670.851948744658, 3344.277384167913, 2886.657580249139, 2569.2097593248263, 2267.381674581796, 1886.8169772269425, 1680.2699667844875], 
[333932438.05936855, 144263769.0254213, 74928979.60558341, 32528591.001336697, 15882928.293307533, 7467300.534894333, 3451356.555261408, 1814743.1705278754, 839132.2741925891, 468391.77981813136, 248184.7686598289, 142465.16433909023, 93049.62672709611, 58071.70778296192, 36920.96804901911, 22991.24673050639, 17455.8804566979, 13155.25172799543, 10397.708040535317, 8197.32267573949, 6899.798264399935, 4876.380020219559, 4248.254106043431, 3683.415263083129, 3057.5584087740763, 2704.1179188218707, 2333.9076594986327, 1967.5031899348785, 1830.3930786470594, 1530.9960175758204], 
[322023816.5172913, 127976898.12033428, 60133185.353228904, 27661001.74861948, 13471718.099442359, 6947109.088946631, 3513282.87529071, 1824936.7223621462, 928730.0773438539, 411415.1053333578, 228896.41103786518, 133056.0590402507, 79712.77415824692, 53963.66308685183, 34993.9408085856, 24899.266790728772, 18707.799203360264, 10499.529384300546, 8130.14121071632, 7065.1149703817655, 5617.277707493451, 3970.925203252549, 3886.4195584228296, 3169.7668343193013, 2654.3967148205024, 2236.39542668987, 2049.997783940288, 1824.4145073549842, 1605.0292015417429, 1259.4245248798832], 
[326769820.45824325, 147483751.7892246, 58356134.38953541, 30264097.997843966, 14027882.185266329, 6722690.578891018, 3066227.2285209554, 1734012.846605715, 840160.8818508061, 463495.8292384516, 213338.47209886537, 121732.67447870529, 71183.7798516814, 44765.95213378675, 31480.10780608207, 21845.665606089453, 14117.205574856349, 10642.80440621989, 8569.099535007865, 6685.343939373359, 5372.851930043072, 4583.202794036417, 3753.06999243782, 3113.2869300409175, 2676.9672810361626, 2308.4188949474433, 1869.9690899082416, 1751.991475488468, 1493.9950024202415, 1412.6457224040473], 
[340052397.0466709, 129633644.14945716, 70426514.50186214, 34042609.73788747, 14074515.768407533, 7993489.5907490775, 3653588.1504010307, 1701224.2336693348, 951531.0232423597, 517777.9866632483, 253547.33267646964, 145749.55159414074, 91333.68063369338, 52946.92195075146, 33854.32624950939, 21558.81817113449, 16046.859584787513, 11539.345203582792, 8559.212671732243, 6739.189003100401, 5860.179537567221, 4950.820088512849, 3946.1856162186014, 3432.2883019271726, 2881.700425582838, 2361.118001069145, 2013.2896419339936, 1760.8656844096063, 1396.627263326716, 1330.3835087833615], 
[328049540.05285656, 124642326.50749138, 62521118.0458048, 29610530.003810033, 14537254.818700917, 6897867.474760477, 3651251.8915653224, 1747986.6171130496, 933136.7525774429, 505481.67079542193, 250809.71915013372, 122276.05292192035, 74732.74178926872, 41670.726028226585, 26405.18069785321, 17185.555296929073, 13074.956390775318, 9504.542675782717, 7080.7339118561595, 5815.522377671796, 4548.431144372643, 3923.3974773148548, 2934.3291224687127, 2638.513966927759, 2147.787283428281, 1834.4431846637467, 1617.2672099199165, 1349.819035075784, 1197.073883614533, 991.873667817631],
