[7935.888863144436, 7806.479678762098, 7802.86385047069, 7768.927318821403, 7763.935569041336, 7763.935569041336, 7671.414986634821, 7615.389409850524, 7615.389409850524, 7539.751260670003, 7504.114330430157, 7499.071190769962, 7480.466987849988, 7480.466987849988, 7408.288406499738, 7408.288406499738, 7406.095425139609, 7373.684782636268, 7275.391094687703, 7275.391094687703, 7275.391094687703, 7275.391094687703, 7214.318911506191, 7214.318911506191, 7214.318911506191, 7214.318911506191, 7077.109449605765, 7077.109449605765, 7077.109449605765, 7077.109449605765], 
[8000.002093013859, 7681.890421483333, 7681.890421483333, 7681.890421483333, 7681.890421483333, 7681.890421483333, 7660.889736782255, 7646.527055192477, 7507.081602509112, 7507.081602509112, 7507.081602509112, 7507.081602509112, 7507.081602509112, 7507.081602509112, 7402.15673796605, 7402.15673796605, 7402.15673796605, 7402.15673796605, 7364.597851900908, 7364.597851900908, 7364.597851900908, 7364.597851900908, 7364.597851900908, 7364.597851900908, 7364.597851900908, 7364.597851900908, 7282.264140761962, 7282.264140761962, 7282.264140761962, 7167.435012323139], 
[8042.378457335095, 7925.4372776135015, 7897.766590820272, 7646.950665787456, 7646.950665787456, 7646.950665787456, 7646.950665787456, 7646.950665787456, 7646.950665787456, 7646.950665787456, 7646.950665787456, 7400.508259268766, 7400.508259268766, 7400.508259268766, 7400.508259268766, 7400.508259268766, 7400.508259268766, 7400.508259268766, 7400.508259268766, 7400.508259268766, 7400.508259268766, 7400.508259268766, 7400.508259268766, 7400.508259268766, 7400.508259268766, 7400.508259268766, 7400.508259268766, 7112.526710527041, 7112.526710527041, 7112.526710527041], 
[7951.727777739721, 7904.890953270497, 7470.546747295807, 7470.546747295807, 7470.546747295807, 7470.546747295807, 7470.546747295807, 7470.546747295807, 7470.546747295807, 7397.75021273724, 7397.75021273724, 7397.75021273724, 7397.75021273724, 7397.75021273724, 7397.75021273724, 7326.880905026111, 7326.880905026111, 7326.880905026111, 7326.880905026111, 7320.9296434576845, 7320.9296434576845, 7320.9296434576845, 7233.4331712810645, 7233.4331712810645, 7233.4331712810645, 7233.4331712810645, 7233.4331712810645, 7233.4331712810645, 7233.4331712810645, 7233.4331712810645], 
[7826.287522486644, 7759.785888026755, 7759.785888026755, 7733.629351375851, 7733.629351375851, 7733.629351375851, 7557.106136198812, 7557.106136198812, 7557.106136198812, 7557.106136198812, 7557.106136198812, 7462.730570287271, 7354.448052726639, 7354.448052726639, 7354.448052726639, 7354.448052726639, 7354.448052726639, 7320.001239513038, 7320.001239513038, 7320.001239513038, 7320.001239513038, 7320.001239513038, 7320.001239513038, 7320.001239513038, 7320.001239513038, 7320.001239513038, 7320.001239513038, 7297.613096714258, 7297.613096714258, 7286.722557851574], 
[8033.030167602953, 8033.030167602953, 8033.030167602953, 7861.611064124917, 7861.611064124917, 7861.611064124917, 7749.896007189473, 7749.896007189473, 7749.896007189473, 7749.896007189473, 7680.347807566223, 7595.725212153767, 7595.725212153767, 7358.5296053518605, 7358.5296053518605, 7358.5296053518605, 7278.595635874439, 7278.595635874439, 7278.595635874439, 7278.595635874439, 7278.595635874439, 7278.595635874439, 7278.595635874439, 7278.595635874439, 7278.595635874439, 7278.595635874439, 7278.595635874439, 7278.595635874439, 7278.595635874439, 7214.707161340779], 
[7983.59507360517, 7957.328883361204, 7784.2512240170645, 7784.2512240170645, 7784.2512240170645, 7520.938588764796, 7520.938588764796, 7520.938588764796, 7520.938588764796, 7520.938588764796, 7520.938588764796, 7520.938588764796, 7520.938588764796, 7520.938588764796, 7520.938588764796, 7498.493468256422, 7448.143070835806, 7448.143070835806, 7448.143070835806, 7448.143070835806, 7448.143070835806, 7448.143070835806, 7448.143070835806, 7448.143070835806, 7448.143070835806, 7448.143070835806, 7402.454851944086, 7402.454851944086, 7384.431255297346, 7384.431255297346], 
[7883.202324719909, 7731.388013263234, 7731.388013263234, 7731.388013263234, 7731.388013263234, 7731.388013263234, 7684.741672626712, 7684.741672626712, 7684.741672626712, 7684.741672626712, 7427.475148508591, 7390.82987514284, 7390.82987514284, 7390.82987514284, 7390.82987514284, 7390.82987514284, 7390.82987514284, 7390.82987514284, 7267.613015540259, 7267.613015540259, 7267.613015540259, 7267.613015540259, 7267.613015540259, 7267.613015540259, 7267.613015540259, 7267.613015540259, 7267.613015540259, 7267.613015540259, 7267.613015540259, 7267.613015540259], 
[7869.4677342824625, 7757.72577689435, 7757.72577689435, 7642.71969522629, 7642.71969522629, 7642.71969522629, 7615.240597402835, 7615.240597402835, 7433.798335280659, 7433.798335280659, 7433.798335280659, 7433.798335280659, 7433.798335280659, 7330.474350903179, 7330.474350903179, 7330.474350903179, 7308.240384905153, 7308.240384905153, 7308.240384905153, 7308.240384905153, 7308.240384905153, 7308.240384905153, 7308.240384905153, 7046.313692995693, 7046.313692995693, 7046.313692995693, 7046.313692995693, 7046.313692995693, 7046.313692995693, 7046.313692995693], 
[8080.311741461856, 7840.109632709342, 7840.109632709342, 7700.538385615866, 7700.538385615866, 7700.538385615866, 7700.538385615866, 7669.674375595089, 7669.674375595089, 7669.674375595089, 7661.474690089023, 7499.956770719073, 7499.956770719073, 7499.956770719073, 7499.956770719073, 7468.952581094507, 7468.952581094507, 7468.952581094507, 7346.283577060069, 7346.283577060069, 7312.268135452362, 7135.937135657035, 7135.937135657035, 7135.937135657035, 7135.937135657035, 7135.937135657035, 7135.937135657035, 7135.937135657035, 7135.937135657035, 7135.937135657035], 
[7894.0899426081505, 7883.70727429949, 7785.214776628091, 7785.214776628091, 7785.214776628091, 7639.821672968263, 7510.283541807632, 7510.283541807632, 7510.283541807632, 7510.283541807632, 7510.283541807632, 7510.283541807632, 7510.283541807632, 7510.283541807632, 7510.283541807632, 7510.283541807632, 7446.77536108482, 7446.77536108482, 7446.77536108482, 7446.77536108482, 7437.645169234854, 7437.645169234854, 7437.645169234854, 7437.645169234854, 7437.645169234854, 7324.011734429912, 7324.011734429912, 7324.011734429912, 7324.011734429912, 7324.011734429912], 
[7606.883171814264, 7606.883171814264, 7606.883171814264, 7606.883171814264, 7606.883171814264, 7606.883171814264, 7601.302440096299, 7601.302440096299, 7601.302440096299, 7594.363197774285, 7594.363197774285, 7414.577645627224, 7414.577645627224, 7414.577645627224, 7387.4395643136995, 7387.4395643136995, 7387.4395643136995, 7322.5612704983, 7322.5612704983, 7322.5612704983, 7269.819898245679, 7269.819898245679, 7269.819898245679, 7269.819898245679, 7269.819898245679, 7178.056680963253, 7178.056680963253, 7169.164011244763, 7169.164011244763, 7169.164011244763], 
[7801.692524265661, 7801.692524265661, 7764.158135824501, 7764.158135824501, 7704.374424823686, 7704.374424823686, 7590.546186856747, 7590.546186856747, 7532.101371123434, 7468.443278661304, 7468.443278661304, 7468.443278661304, 7468.443278661304, 7298.2725126271835, 7298.2725126271835, 7298.2725126271835, 7298.2725126271835, 7298.2725126271835, 7298.2725126271835, 7298.2725126271835, 7298.2725126271835, 7298.2725126271835, 7298.2725126271835, 7298.2725126271835, 7298.2725126271835, 7298.2725126271835, 7298.2725126271835, 7298.2725126271835, 7298.2725126271835, 7298.2725126271835], 
[7907.037262064732, 7722.343637789547, 7722.343637789547, 7722.343637789547, 7683.579456959494, 7683.579456959494, 7683.579456959494, 7654.053674191692, 7590.273454621631, 7590.273454621631, 7590.273454621631, 7590.273454621631, 7590.273454621631, 7590.273454621631, 7583.63481020473, 7568.356707665292, 7568.356707665292, 7501.734165230526, 7497.999166678788, 7497.999166678788, 7497.999166678788, 7497.999166678788, 7497.999166678788, 7497.999166678788, 7497.999166678788, 7497.999166678788, 7497.999166678788, 7464.9435134499345, 7464.9435134499345, 7453.830431212094], 
[7990.661474885118, 7856.666732234678, 7782.410395528589, 7782.410395528589, 7782.410395528589, 7782.410395528589, 7632.835133941368, 7632.835133941368, 7608.934371858388, 7565.890559479693, 7565.890559479693, 7565.890559479693, 7537.402862926561, 7537.402862926561, 7472.872079727112, 7472.872079727112, 7472.872079727112, 7472.872079727112, 7472.872079727112, 7472.872079727112, 7472.872079727112, 7472.872079727112, 7439.744219412084, 7425.581304692197, 7398.201364053415, 7398.201364053415, 7398.201364053415, 7319.474249359115, 7276.527379527898, 7276.527379527898], 
[8027.6757051337045, 7980.654245523428, 7794.998970561438, 7794.998970561438, 7794.998970561438, 7794.998970561438, 7640.251119694154, 7640.251119694154, 7640.251119694154, 7640.251119694154, 7624.846127744637, 7559.416181659674, 7559.416181659674, 7516.3652378888155, 7363.934988475197, 7363.934988475197, 7363.934988475197, 7363.934988475197, 7254.8168478388925, 7254.8168478388925, 7254.8168478388925, 7254.8168478388925, 7254.8168478388925, 7254.8168478388925, 7254.8168478388925, 7254.8168478388925, 7254.8168478388925, 7254.8168478388925, 7254.8168478388925, 7254.8168478388925], 
[8022.227486951902, 7895.449666587173, 7867.896611070158, 7803.974436467894, 7659.7145230362485, 7360.645765515149, 7360.645765515149, 7360.645765515149, 7360.645765515149, 7360.645765515149, 7360.645765515149, 7360.645765515149, 7360.645765515149, 7360.645765515149, 7360.645765515149, 7086.428970580654, 7086.428970580654, 7086.428970580654, 7086.428970580654, 7086.428970580654, 7086.428970580654, 7086.428970580654, 7086.428970580654, 7086.428970580654, 7086.428970580654, 7086.428970580654, 7086.428970580654, 7086.428970580654, 7086.428970580654, 7086.428970580654], 
