[3202480640.2592573, 1323505162.2855656, 714448848.1646439, 372716179.10727906, 166911324.1151665, 70183737.55973293, 30130243.94003172, 16045912.292748028, 7673945.745879177, 4179099.168920693, 2119081.6334707686, 1142604.7965434387, 579982.5079425746, 293276.1630519687, 189883.00573613605, 114952.05567752328, 69453.60283455065, 42665.43316601681, 28883.46188970643, 22088.026849820882, 16285.265775681884, 13376.975531878748, 10662.748457967633, 7836.237814032393, 7836.237814032393, 6897.6840894230645, 6384.021626916205, 5760.752472132618, 4946.681323592289, 4734.314601318049], 
[2876325097.830151, 1386700635.1064568, 692457988.4253092, 313115163.1511791, 145557842.18470752, 82025099.9901833, 40265318.50808495, 19826374.32772221, 9380670.573667115, 5487383.6272016885, 2514594.974254558, 1322814.260615772, 804731.1080505045, 401022.54308940313, 224469.650329238, 135423.32878062373, 85884.22913938077, 56629.64006015291, 31329.56530696759, 24811.533151166543, 18695.911909025082, 14017.524058399633, 10931.257522670438, 9563.100374956586, 8151.435917634975, 6816.106208865514, 5998.700694131143, 5378.755147254346, 4892.469896184113, 4372.215742274796], 
[2851809391.977451, 1391276434.7841682, 677839194.2478127, 313454453.08071333, 166304723.78355312, 82930327.92810853, 35885971.82874421, 17344920.859498166, 9024018.386636011, 4676324.269192725, 2278013.621071034, 1299140.1780533062, 670899.3547937861, 354851.6615559864, 191476.34130502475, 131855.36328943606, 72694.25331916728, 50660.16388146956, 36244.532044581996, 23038.421768275228, 18745.77943905549, 14465.77428460449, 11330.790689624535, 9586.808714745985, 8223.005780444208, 7171.831658893938, 6475.1089610350755, 5440.316820326787, 5009.373734156378, 4563.913484518908], 
[3030955815.613827, 1534947956.240864, 732018935.3462825, 354199876.9674411, 180136193.24282318, 97878162.51624374, 48420344.02125239, 24768389.152641207, 13130590.07441769, 7841195.459079353, 4004362.0141277937, 2011691.5910419843, 982308.3932577542, 561602.8651776095, 313885.45600071433, 192047.04802472205, 116974.49855160153, 76405.98342962471, 50188.54112660677, 35347.98342629004, 25837.161362358453, 19543.854190595237, 16641.36261340027, 13023.121122735527, 10531.69834076654, 9038.198494917091, 7966.360274876546, 6737.913409238339, 6105.776177955214, 5513.088017847181], 
[3102092532.9745083, 1405951387.4695456, 651166186.4373121, 309269965.7703114, 163355390.35069248, 85363404.34556808, 41992488.9916311, 20484479.733376022, 10219992.604705397, 5503189.204146417, 2704429.9607109297, 1311356.4921338786, 658321.262982356, 379285.0193572024, 217063.9542371318, 134153.1072810374, 87116.22355948636, 52055.20324358621, 39067.53983710318, 26450.333599834332, 19794.071073077528, 15622.012031484826, 12639.166783479415, 10729.920278955085, 9687.145348248561, 8325.102772492175, 7206.751526468517, 6175.675900683022, 5724.582906081273, 5047.107674386869], 
[3038862501.6073756, 1335246403.7982204, 669651420.953127, 336891917.5798724, 161782301.54790735, 79439072.59712195, 40328316.19623986, 18929194.8707275, 9004794.014742943, 4210057.461504013, 2139060.0460095364, 1119234.9741000454, 634428.1280637095, 324666.0241458097, 202934.2185600219, 109874.02259270154, 71884.13136029182, 46703.91243415798, 33613.959046056596, 24105.457737672474, 19007.543090054318, 15345.592748423753, 11783.457277703252, 9828.918519291388, 8249.687208822008, 6986.128402008775, 6091.950777836014, 5350.981804717293, 4862.688789124703, 4173.326134959196], 
[3193940560.742769, 1384972240.3203208, 772174721.0955808, 318970729.5374743, 156193858.87513608, 77707839.46588165, 36976616.42613464, 16619071.06702276, 8041794.375141606, 4995574.281749919, 2551611.0930846566, 1424754.366809217, 809939.3334511082, 428800.5783236557, 257410.41927108853, 140940.24932466462, 92744.62106030324, 58157.47357731373, 45981.37101693592, 30530.12424000362, 23322.174367754422, 16541.54561573858, 14746.28890111237, 12155.555807285713, 9704.546899874458, 8798.671836433005, 7921.242391741799, 6931.662269605978, 6104.991931453709, 5328.063669689633], 
[2906519202.161881, 1303594923.9903677, 637279313.9929568, 287775652.96422863, 163027856.2903669, 75335559.37006286, 41058862.732174955, 20852519.618727155, 9312505.314374218, 5990964.244198803, 2827780.1322016357, 1353524.279478665, 724460.9480572123, 356764.1864017244, 224218.845470715, 122080.83935183611, 88508.96651383022, 57158.56773539744, 36166.375771437095, 27887.60256617532, 21856.88504129876, 16304.749168996406, 13728.104277303319, 11268.035975016148, 9273.73444163234, 8134.449425187044, 7245.114700184055, 6367.823057953764, 5626.00907630776, 5088.745262866268], 
[2847753196.2559953, 1425732803.9089537, 698433672.3094674, 313031201.0288818, 169122134.67322904, 83657129.11021076, 39133762.77449076, 20315876.755578686, 10811151.216758221, 5348192.384737606, 2739501.3003693507, 1432011.3770706782, 776309.8615675538, 436259.52497131785, 244299.8558215483, 132492.63187582258, 85209.31017284536, 56062.186641359236, 41357.99104285581, 27774.486632804103, 20744.536811686467, 15402.917439656527, 12190.366982462469, 9523.560324260823, 8574.534025076327, 7564.9288721752355, 6834.538526650318, 5884.758382306565, 4858.187140895151, 4669.670037005908], 
[3108449708.2312913, 1272419858.3313859, 829570935.5660576, 364803373.9495715, 163550644.36853054, 74409835.99601415, 34265332.427784346, 17412198.220130015, 8866877.204711549, 4216933.339117105, 2044131.3448043342, 1032475.5492573576, 559059.5382167005, 338704.83250005473, 202640.61112231071, 119981.9218646629, 71906.3746084192, 43452.0179888238, 34513.41524224287, 26227.45612266768, 19274.03305642856, 14935.891694174335, 12965.80019965032, 10374.265338605705, 9403.52125795515, 8444.409566406397, 7423.3554560689, 6502.611357554607, 5816.724649673148, 5357.039072511776], 
[2991132754.422743, 1436291397.0268433, 656677770.9136673, 282811585.837508, 146347564.12426755, 71216493.68511392, 36414788.402715474, 17310900.682111025, 8447711.582155254, 4180015.700796767, 2220119.2903870405, 1114647.9422951962, 535756.5878731955, 292146.370088218, 175404.3998403074, 105238.06401213417, 60250.28506200417, 41836.60140387943, 28413.731850508604, 21685.996892758194, 17578.25786245219, 13235.676392098261, 11177.048001950812, 9877.276128577616, 7717.007666710617, 7077.052173791648, 5838.362148792578, 5347.9698112137585, 4937.94818587295, 4274.704413401097], 
[3154865136.620448, 1440605337.17448, 697630179.7311552, 357337745.06104606, 167294156.5937386, 82307646.78048213, 40552524.734229214, 19161030.42105919, 8274812.624897509, 3942431.837747054, 2074617.934723253, 1145946.0449448812, 604605.7171396578, 319774.49349732755, 167402.70037458945, 112932.1388947252, 71214.2976565279, 46203.84082185728, 34461.07747185415, 24774.595323387308, 19267.99771496969, 15076.553662921053, 11858.274833108826, 10099.96818189167, 7847.059319508881, 6955.885144946466, 5922.4913163607525, 5014.19506662071, 4688.582831184673, 4239.61254241159], 
[3201931653.3945727, 1422185230.505575, 646781890.5946856, 321060300.6929174, 153229026.62298167, 77894053.34878604, 37985231.062314056, 20008223.689050253, 9947250.52157652, 5680328.755888112, 2800912.5334928166, 1276912.643873425, 702305.0374385498, 388340.34877181763, 210741.5942915377, 119830.33460559553, 82086.008056077, 57135.08488261599, 37866.85459732161, 24022.712865279158, 17981.811265532906, 13467.800486421243, 11182.034935283422, 9011.939468641673, 8193.538529381594, 6975.952285828297, 5953.442738755418, 5047.684528455447, 4974.063126968802, 4377.444960707106], 
[2877833792.6566787, 1437695539.9222553, 663362851.6110342, 340861175.11403066, 172282453.94947147, 77444900.33318011, 39936932.31642479, 15486114.738843713, 8833316.966296326, 4265635.537232865, 2043113.9247293326, 1173789.0462258556, 641264.5392208069, 349942.7684633962, 203123.65309546475, 118186.77265127265, 79292.20726557287, 47704.05062528862, 31986.111105282645, 25193.71097139575, 20333.458987939062, 15887.133214604726, 13049.365098976072, 10158.559320035973, 7767.848337431236, 7144.390461990374, 6401.923408509575, 5613.325980342795, 5044.158541008276, 4606.189199359894], 
[3204508674.3606496, 1409954641.9271781, 596428325.3399591, 382373125.3800528, 190917247.37121496, 97284810.10540366, 47612674.60717708, 22885069.39817923, 10588973.918449925, 5177644.0425881855, 2808636.6868020114, 1471776.6694811494, 778784.4823558435, 408794.104326294, 247466.48613934012, 159259.15375928444, 100511.46900691856, 63928.56300810454, 40323.88345079689, 32100.669166841224, 24928.883284062238, 17833.983369182755, 15091.188993937745, 11877.477823439242, 10569.750101068414, 8692.219756633798, 7544.8655853846985, 6057.041757215719, 5323.963296820086, 5030.166288299294], 
[3075494765.419156, 1363303856.178193, 689308099.6243175, 349792124.535894, 144803889.32423416, 88385770.81152625, 43154821.373873554, 19222442.738003694, 10189958.454114344, 4953986.7505682325, 2360538.845424911, 1434981.2093189703, 738194.6114044724, 390499.71388908103, 229078.0563705796, 135760.25287487308, 83453.53910538572, 52876.93984993622, 34224.44380645941, 24301.131362191947, 19514.91941915427, 14855.740994461674, 12435.923318739615, 10403.280383672365, 8267.179753767368, 7061.7329226947995, 6727.929586093537, 6189.479817058747, 5438.861570131252, 4953.622021737399], 
[2995900546.054415, 1304546670.6710813, 616199395.5301797, 267003527.61370042, 125144391.50304137, 61421751.99947551, 28202403.02151128, 13536104.143682985, 7576440.49119159, 3583070.8211988043, 1713134.7804019386, 870623.7377463811, 406812.4771144885, 252731.80389553748, 138432.90139077744, 80649.54630987046, 56135.60566159956, 37208.99198292265, 29676.932067553593, 20995.36048199419, 16432.188922298425, 12855.596640840762, 11154.582352123472, 9045.835738411226, 7439.254886157576, 6794.480270096387, 5861.310033244349, 5400.617658899507, 4978.099393367674, 4428.284341937511], 
[2980220253.8996377, 1236407019.838744, 638929566.259094, 305610684.2176431, 138368620.8679288, 66326787.31314825, 37382298.8550583, 22003663.296121534, 11216933.984874438, 5295174.901387807, 2623319.911590065, 1443776.691694446, 693206.3069654286, 404872.7122740357, 225439.50510878235, 126873.6954670703, 81661.35256203037, 50846.82886528992, 33676.03529074673, 27140.438878922763, 18081.348169181452, 13286.42729362781, 11557.292179394139, 10542.916092046366, 8993.482905409675, 7981.6967456101165, 6962.979452209391, 6020.088346988314, 5621.145116410407, 5086.046565342859], 
[2987594454.919209, 1405969056.750827, 663397700.7868202, 293834091.22308064, 161824430.5888357, 76993603.0606868, 36009900.49972989, 16871271.75967773, 6881449.687903113, 3634228.145464837, 1793368.5934912001, 1027590.1563717807, 567911.753219467, 312953.00927854516, 194854.88287240808, 124539.06519386328, 71097.07567897126, 54302.49083200021, 32738.214034774337, 26837.592183056942, 21548.981998680032, 16219.420195215038, 12947.49074161536, 10577.55646490316, 9095.990284830286, 7859.056682400774, 6426.085139865422, 6016.215781681751, 5304.761655866386, 4797.5364328086935], 
[3292385407.8373046, 1381547208.8470821, 586730070.8726854, 269211676.8437706, 143674184.06550786, 73681922.46525736, 40195162.69084143, 19899124.716076553, 9247308.700897262, 5397701.845108043, 2618258.2263329807, 1363088.0641765823, 689261.3200071745, 371172.0969694143, 207838.90394241913, 134552.90518390527, 79655.1744611915, 52320.36674001179, 36658.51892708777, 26302.9569769651, 17835.53951000619, 14055.892835151612, 9804.357480577031, 9007.693879334598, 7179.790488700648, 6279.372726940339, 5864.988174536586, 4978.286567014255, 4558.576308214974, 4088.9899478693314], 
[3146446303.657501, 1577398602.8283672, 747405810.558605, 348313609.2083272, 168861347.10924584, 87400980.34013222, 41482154.74428972, 21221261.270875428, 10181501.902408948, 4965994.6307889065, 2665332.975490859, 1284764.2513967275, 697503.6375074013, 381267.25829907256, 237649.21067519963, 139346.00156008676, 85443.59514616769, 57946.37445116371, 38779.416076560636, 28282.649624486505, 20969.365342153178, 16164.836824745842, 13085.254202699376, 11486.309529538603, 9470.720023844513, 8231.916010434768, 6933.414151749105, 6744.750572804853, 5834.6049229508935, 5121.219952343446], 
[3086767934.796744, 1380838140.0042932, 707456090.2149367, 307707716.140751, 143874592.6487792, 62277630.41941728, 30284275.91054439, 13169337.149474707, 6894239.732275505, 2835190.671480796, 1630833.8085868023, 883836.6556085247, 452115.8105299841, 252278.09972019927, 151985.0128189576, 104614.03826499806, 61279.81199070369, 41366.28175574027, 29669.63618075323, 22569.606153988225, 17482.020159885662, 13398.829075993435, 11639.037981486636, 9762.147246103028, 8178.08739774416, 6866.67031156458, 6728.21661300538, 5802.255757694272, 5597.006670232119, 5013.0440677186625], 
[3049476826.6477566, 1489443872.0868366, 756427144.1285118, 359275453.0364574, 186917274.97656274, 86177057.72165015, 41289634.41091327, 18819093.755647004, 10732629.315215722, 5974566.536952788, 2780177.019715999, 1466532.197478295, 762442.7847136812, 402737.1122347746, 268256.31636333634, 157149.89938373343, 103365.27968292244, 61044.3311118547, 41729.178195965906, 30263.475873772415, 21260.179549410277, 18658.867327313, 14557.01499724202, 11659.10463919659, 9393.066136662828, 7672.442472450786, 7181.018620682117, 6253.606709657642, 5663.346917364981, 4943.340953463658], 
[3083579732.1523814, 1457071881.7423587, 641658793.9122486, 323183590.14685416, 173271309.9204645, 95156332.65810743, 45562997.73304129, 23959220.29631199, 11286445.638790745, 6356988.980375737, 3234878.2413763483, 1664473.710984032, 883843.5568544978, 446610.61270203243, 271627.0867470144, 144038.74176493147, 86117.75171754729, 57252.09404144635, 40699.427558673786, 27943.906302169587, 21610.37483632678, 16789.38994981936, 13006.544127894502, 10951.43584242169, 9346.276344634878, 8001.485407451901, 7183.446247908423, 6217.50532855897, 5376.036876488434, 5008.129551681772],
[2995900546.054415, 1304546670.6710813, 616199395.5301797, 267003527.61370042, 125144391.50304137, 61421751.99947551, 28202403.02151128, 13536104.143682985, 7576440.49119159, 3583070.8211988043, 1713134.7804019386, 870623.7377463811, 406812.4771144885, 252731.80389553748, 138432.90139077744, 80649.54630987046, 56135.60566159956, 37208.99198292265, 29676.932067553593, 20995.36048199419, 16432.188922298425, 12855.596640840762, 11154.582352123472, 9045.835738411226, 7439.254886157576, 6794.480270096387, 5861.310033244349, 5400.617658899507, 4978.099393367674, 4428.284341937511],
