[920008.9707239547, 671651.6013013151, 444457.11183240684, 377464.167164405, 266222.114716583, 179543.43552529463, 140936.2954554401, 97241.19658813135, 73526.58858443858, 51874.956976010435, 37855.42946818883, 28067.847767879688, 19864.81863117344, 13985.005649210172, 10084.827559867745, 7576.573526733254, 5173.400722067571, 3806.6503141837666, 2700.115395217314, 1817.6084887017141, 1265.5650743920944, 840.6217416923258, 597.5329750773959, 432.91191181124293, 316.8582523674073, 227.79827593854566, 167.49187937275477, 114.3142942492961, 79.56492973838947, 57.58068419750625], 
[907961.6711839488, 650787.7168282898, 471853.15441310045, 383971.13741026656, 274929.3340380531, 202234.88769481733, 145543.217888744, 102830.7510102096, 74109.32624261313, 48955.3458022938, 35672.212144956444, 24906.6664705075, 19381.92354837346, 13052.935982901587, 9626.25312951623, 6837.832058139445, 4827.302630468557, 3476.9924288777206, 2704.2023496964093, 2047.8367217604525, 1414.4615111565672, 1046.6699685545013, 745.8661983034566, 534.5388892757054, 383.20165296864764, 259.1987679945929, 193.17873510452148, 137.31841214751609, 100.55604168734972, 73.11117295280175], 
[976122.8852977463, 671977.3826847676, 500245.94963995944, 344581.3559889895, 256421.7087747075, 184763.17505204477, 131422.12984580293, 84150.54848697447, 65696.67233055513, 46402.9761409022, 32494.914462962894, 24547.164373757216, 16722.35300298196, 13006.445928818983, 9748.902337007788, 7062.287843301387, 5181.15363970558, 3746.2467867803607, 2851.2039467274894, 2060.3608296978077, 1299.219079309576, 991.0777168967261, 745.9713526730795, 500.8675651471538, 354.2560006539706, 249.88669576892616, 173.46772863466197, 124.79525145727474, 87.17055063616841, 59.841433596619254], 
[951333.8792007853, 700883.2618262665, 502629.4443678333, 366663.0409428748, 259160.88201305372, 172635.21231935866, 134318.78517301532, 93285.91049986673, 58003.52309325753, 43514.63793384875, 32339.23604398948, 22562.045508555002, 15982.924819474278, 11290.017933697625, 8088.555656363178, 5416.190557002415, 4148.7890771120965, 3046.3630402808226, 2104.2379552787957, 1549.5026586221588, 1070.889634325296, 734.6380251825285, 564.6912504219754, 392.7532695008, 284.768685315602, 200.60994644829103, 141.96656130125538, 106.64340780073914, 76.58109177347464, 55.62739570742963], 
[937744.0165121496, 668348.8166170671, 516495.96562479483, 332953.7272353427, 245428.02978571752, 178770.4756221235, 125580.51899278868, 93597.55575781327, 68989.41241324399, 47400.122100638386, 34545.28741893963, 25042.789118611807, 17724.8051706585, 12185.72919066491, 8172.564466186437, 5246.83422343886, 4014.346658912488, 2805.5391718709616, 2046.5213997122914, 1334.8452329595827, 1001.0288053660151, 730.1954311778678, 495.42608358597744, 374.19394632571584, 266.21378477525155, 193.06252534974956, 139.57385113154683, 98.746134715354, 65.8083572819363, 52.57386163360634], 
[960180.1117675587, 738571.261187675, 554828.9999688542, 398103.601878912, 283210.1666210247, 190598.7899165694, 135346.87990209134, 98342.41417960652, 68352.53665799242, 51122.40600714334, 36043.89811844283, 26664.66017660603, 19429.44708455233, 13471.72837794816, 9604.584206915886, 6950.317344396116, 5003.56381174882, 3512.0848578792215, 2440.8882111399, 1907.811261389613, 1370.6841137374845, 986.0705483901464, 694.2063833501917, 494.892065815944, 356.0041131045969, 261.13366368907964, 182.95015959504892, 127.88031760691742, 91.98161887266056, 66.53143581709537], 
[930914.4168820822, 668107.8916077692, 511864.5514480344, 354743.0808121517, 276137.4601055047, 193186.86660725894, 143138.75399109, 98703.26649079498, 79841.74369856238, 57805.16435399065, 41870.03396579181, 31005.170538799255, 20703.477720917956, 15585.050603377718, 10316.778612822636, 7855.058702211469, 5395.427987882343, 3802.330202208025, 2643.5461616140437, 1831.813987034943, 1366.8503512546497, 905.9419944590746, 679.7580417439515, 474.7291572938778, 344.061489967111, 241.60585878161558, 183.3794620717567, 133.0354030589498, 91.09828430423639, 67.7410662101906], 
[927895.377381789, 682394.4308711428, 530670.8642833744, 370849.98130604846, 264522.0729228321, 189659.75533201706, 141373.5555101667, 98946.05049647123, 66521.11379232243, 50580.02338901839, 33351.34778685202, 23403.388181029153, 17967.33820861351, 11180.420998982143, 8081.756777718024, 5545.195543451495, 3804.413472502346, 2983.259298482777, 2068.9159548875646, 1524.4576096997405, 1074.9160579670688, 791.2261088735364, 578.9850877854063, 384.85635065366523, 292.7326367778536, 186.1515083995179, 148.77430139452053, 97.93848489062073, 68.12421429332647, 47.35213479277435], 
[983762.6720778187, 735312.3992726573, 512605.12712434004, 393107.5701184924, 278922.76157741406, 200388.09370315014, 141502.94060110283, 98073.0844535118, 68187.99582741331, 51275.47802284033, 35722.33283849071, 25264.732443136003, 19186.933276904798, 14040.836593074298, 10350.36892255204, 7538.794440611586, 5360.4858794321835, 3984.8288123677535, 2945.6379766619975, 2157.5929870888867, 1432.0144334834715, 1115.4747755664773, 825.6754804380131, 615.610819846505, 447.7614011043373, 322.64371113400153, 230.8124680359948, 164.40890083660733, 119.7000616136057, 85.07760406535188], 
[925722.8839516554, 640136.2052767813, 497509.653099013, 366026.89921283344, 252907.95556829515, 182320.44205038509, 131032.11053107434, 94055.5680590591, 64678.74979196321, 46956.8517720422, 33105.7207173375, 23393.724827630533, 16196.739654765133, 11796.403884027945, 8726.291892469504, 5978.2064400558575, 4311.261860050025, 3324.2389688259177, 2326.169493763323, 1648.061165782598, 1228.1109082501125, 918.275352254082, 637.3690749371018, 503.8629145132482, 361.71903123158245, 236.37363205924603, 178.04645578311477, 120.21738288445646, 81.4140084592883, 61.28989981606332], 
[931017.7323326251, 671870.9992164242, 506926.4714287188, 368173.0908287111, 259794.5125716901, 176603.95455421307, 122098.34102185428, 91324.1507452714, 66356.86717482698, 43598.37722901541, 34240.04266842108, 24407.422498164146, 16948.707156820226, 12302.292311012152, 9468.062675500307, 6554.26676824554, 4688.215786015976, 3398.605734968436, 2306.8756362052573, 1626.0672100614115, 1213.438751619332, 853.0022909731044, 634.2773196162473, 454.99474205405505, 331.0706467502456, 232.6973845448662, 160.451638157595, 120.89903259667825, 79.4078402024523, 62.53013966744738], 
[916892.8920399603, 714917.0681728842, 516498.4487620475, 379762.03597745585, 288482.37612197094, 195608.52079108986, 133730.73445644995, 92354.42697662588, 66371.48216705408, 47779.59870468386, 34868.51883023841, 25734.025666870428, 18509.147771320913, 13330.57034763529, 9307.208301654224, 6299.909103527689, 4483.951431412145, 3369.9960471665418, 2441.1722368875908, 1767.250200029542, 1258.2055411901295, 940.2558013518325, 673.8974932822094, 496.69640183219815, 358.2225947114271, 235.73404685246504, 166.96397079525633, 119.78395125523399, 85.91673903164774, 62.593119250263825],
[891504.2755086902, 693808.0448727898, 522196.965164335, 388444.31385792606, 282166.7207759001, 214478.35870302466, 149895.5701511818, 105987.34896470218, 72916.69678753658, 48362.638895051365, 36896.13643947944, 28951.417542233197, 20408.75436492564, 15148.653739726455, 10246.370119538962, 7799.300039231936, 5688.374508842516, 4040.545128672076, 2923.1237922406026, 2058.417947902158, 1483.0301089723582, 1047.5037331231076, 753.0348781623713, 548.4924134509107, 387.54674954856915, 279.08849410197024, 201.57917642924832, 148.03995964016195, 100.52918807725449, 71.71830027340106], 
[919062.4421046827, 674842.6851066044, 529716.0763505417, 366006.0730521482, 258806.73939412678, 175935.54531207914, 122134.325420207, 81443.74912255835, 61027.12371978871, 43386.78934724217, 30735.067051896902, 21268.41003921066, 15591.832472279044, 11278.257360683107, 7690.262483778775, 5535.090029045136, 4055.5197970442728, 2857.600838108737, 2003.9095668932903, 1594.8336131389767, 1134.7397995278943, 816.2165870957813, 617.1010634455893, 433.41662045247074, 307.9349528806219, 226.22039021542034, 157.52836363201993, 110.26304453986975, 81.61222685544101, 60.31472622821395], 
[949238.9442103289, 769970.06795281, 530945.2454467363, 385467.42690899986, 288056.47136585345, 206431.03728782843, 142763.0741116687, 102068.2917386733, 77194.15359831933, 56280.125177356014, 39660.118379020554, 27841.06289922262, 18278.746883456875, 12601.411595592257, 9325.675432363869, 6662.73484085928, 4734.348700647902, 3368.1714303583353, 2266.0434503077986, 1593.5087672952513, 1157.5547832766447, 846.1380697208879, 589.9855293768501, 416.75293089864937, 301.84834881615063, 228.49378242545768, 164.08084077199337, 119.9108905128317, 84.19676033958915, 63.41377519728922], 
[912876.8913771226, 636326.2525808412, 434165.5625226099, 359862.5347247253, 233567.18197144786, 162217.21185820733, 114841.87445885332, 80028.77239068951, 58793.98188403349, 42878.71300976889, 32721.392837199874, 22482.915499069248, 15523.365642754676, 11048.837225938352, 7886.092377128617, 6126.033901346713, 4176.218863158162, 3223.921368963205, 2285.4840344029676, 1632.0761177840536, 1227.6574664035977, 868.2382852541249, 580.7480708384036, 431.88798683584605, 315.8291885291961, 241.08710822650627, 163.44644298457175, 126.3008835547674, 90.79709592801287, 62.94256596992567], 
[939769.3911534537, 712457.6850535446, 490799.2008835229, 337341.0803979472, 256559.44689725465, 170136.99900555747, 128918.70105752608, 93381.7456179274, 68151.89658863124, 48887.89810416114, 34508.57717344941, 25519.654863576678, 18033.90622967672, 13172.173014672879, 9359.98666981019, 6907.716695894706, 4551.95322897231, 3318.7739988067106, 2312.82376782863, 1703.206651038971, 1229.900128601238, 970.1437160795597, 714.7192757829933, 535.6464054135959, 368.9112264762547, 258.03194567073353, 184.7347764759087, 140.02932523113694, 97.05571424051624, 62.67497324621909], 
[939978.3019784107, 688879.8469969676, 468070.88719977497, 322041.3866063646, 224148.42342223268, 156052.64410416532, 114748.33451928174, 80797.45669187812, 60495.71816208762, 45135.97098435458, 30472.41782800269, 22868.546846364603, 15133.989024220105, 11715.338553247906, 7963.2839469487635, 5656.310047601374, 4084.00142991583, 2863.4525931257504, 2104.3160912943727, 1436.9466667689203, 1012.7507156896477, 744.5336807102753, 504.7677267861865, 350.93700323602076, 248.8250706276658, 170.98640304687913, 119.3885224775349, 87.75786688685803, 64.91712108212215, 48.51944451166966], 
[938032.2329558923, 691460.3377743984, 511932.59735554794, 354524.6012047873, 246471.85837223066, 190687.81827841082, 137495.46661084957, 88301.97738928978, 66617.71348296403, 49070.41240310492, 35706.29323392833, 25032.058440589186, 17663.360885287093, 13024.016697186524, 8891.546001235038, 6356.677636182836, 4234.625204843293, 2833.035658957901, 2069.143607180273, 1478.4560612252378, 1050.430043187157, 734.5517926981212, 511.044985843068, 361.57114131221664, 252.46618796308283, 176.19594467237127, 128.61825165800943, 87.17080776069697, 56.39948724630981, 42.98945522730455], 
[967863.1888445653, 725900.2852903632, 510568.5571346817, 359426.19273995433, 279312.51332996413, 197525.289185041, 134755.12377413418, 93642.9640923162, 70626.1065364341, 48710.73337900327, 37088.91449086526, 26551.951793601645, 18424.30045203353, 13673.393422010773, 9703.144676871592, 7154.821136869171, 5186.6543118559075, 3973.148469940706, 2814.523157408712, 2035.0216732246417, 1343.3248795574054, 964.4443836145344, 686.4280085830188, 491.9011506590074, 343.4874400395465, 266.08972752572527, 186.17307895011982, 129.23354250709866, 98.03430818363928, 73.49622826394317], 
[910485.3652798041, 672840.5915257722, 490708.1267317948, 358916.88648103405, 263525.6753588652, 179464.03628661446, 132314.7002800745, 91699.0844237539, 60816.05971651583, 42833.18933233939, 31130.62881254291, 21444.941349437842, 15833.46627302798, 10825.629190017024, 7694.922300731473, 5987.353023254929, 4140.819591228196, 3038.9369405055363, 2071.8135547853217, 1406.8015823612561, 1057.892327013734, 770.1887579548218, 576.7699660108808, 428.3732233687949, 306.59293945881996, 219.87057440706212, 147.56961473572298, 103.92750351854724, 78.52629066904927, 58.75909912084728], 
[970953.990236999, 736085.7864616119, 551884.666899378, 407565.21834358654, 283274.3468117873, 215046.5598181186, 145303.63563156594, 94711.88605577915, 68571.54852012826, 54342.8534885484, 37266.17815316611, 26990.37812244764, 19154.07923611739, 12718.379214853887, 10028.603668099624, 6600.01537360408, 5101.317292379681, 3415.2247935023584, 2714.6598793694147, 1883.649490325917, 1318.0346574168789, 1015.8851196611513, 734.3115030654391, 527.1303473432456, 347.6166361718641, 269.9228966585655, 196.5645228570544, 136.31505645264787, 95.99458474745683, 68.34686276133137], 
[949336.9237002396, 746575.1150121267, 513112.3084993557, 352598.10721651756, 265180.7078240796, 182492.53777693972, 131265.6749448518, 89019.95431944383, 73026.93675274063, 53204.72245236723, 36408.5390592959, 26703.17126934958, 18679.113778871957, 13878.94732204532, 10717.35826743575, 7321.962465031801, 4822.001237941201, 3617.164348404399, 2456.437388237484, 1868.4130295704815, 1309.8320315794704, 886.7109360951657, 631.3455431382937, 476.85948265490873, 335.1087354963751, 227.362136133031, 165.1420902900793, 117.54075352555044, 87.74863953910447, 60.41212240142118], 
[951006.7598626554, 706855.168155333, 543847.6179349531, 389403.7359107445, 259361.0478789436, 181742.05148670825, 116195.6116965482, 88018.8440307121, 67774.8418733496, 48136.70006418615, 32619.081244917845, 24486.946484339645, 16704.32998925829, 12285.286895399542, 8909.419903926271, 6482.595693825211, 4604.567910081324, 3375.688899523563, 2347.888823162145, 1811.4160280537233, 1263.2682016667657, 902.3938895805459, 650.4434626038056, 445.49231558914204, 322.1204272789837, 239.73398238176287, 167.08472141735874, 128.33274808647215, 90.80298642238755, 62.33264918680578], 
[933400.8055199769, 719187.9217916913, 528607.0317544496, 377578.32941923157, 273113.7337204945, 193486.13875262826, 134689.44899839663, 93945.16040503989, 68074.77933607023, 45790.76235455241, 34929.91087524647, 24055.427647890967, 18110.926037554305, 12924.886697351358, 9252.03230109225, 6855.6282274110645, 5125.663609631913, 3607.1933094250694, 2635.4914767623604, 1921.9136470196265, 1399.0101648634786, 999.067514335151, 688.9030701699036, 483.6821467139349, 345.44856621273715, 239.46933095512256, 164.69530916552964, 117.25935178866933, 87.86675034407503, 60.7796375503041], 
