[20.85375437661492, 20.85375437661492, 20.85375437661492, 20.85375437661492, 20.85375437661492, 20.85375437661492, 20.85375437661492, 20.85375437661492, 20.732639798223232, 20.732639798223232, 20.732639798223232, 20.732639798223232, 20.732639798223232, 20.732639798223232, 20.732639798223232, 20.732639798223232, 20.732639798223232, 20.732639798223232, 20.732639798223232, 20.732639798223232, 20.732639798223232, 20.732639798223232, 20.732639798223232, 20.732639798223232, 20.732639798223232, 20.732639798223232, 20.732639798223232, 20.732639798223232, 20.732639798223232, 20.732639798223232], 
[20.618082110734722, 20.618082110734722, 20.618082110734722, 20.618082110734722, 20.618082110734722, 20.618082110734722, 20.618082110734722, 20.618082110734722, 20.618082110734722, 20.618082110734722, 20.618082110734722, 20.618082110734722, 20.618082110734722, 20.618082110734722, 20.618082110734722, 20.618082110734722, 20.618082110734722, 20.618082110734722, 20.618082110734722, 20.618082110734722, 20.618082110734722, 20.618082110734722, 20.618082110734722, 20.618082110734722, 20.618082110734722, 20.618082110734722, 20.618082110734722, 20.618082110734722, 20.618082110734722, 20.618082110734722], 
[20.853736406587124, 20.781468044589786, 20.77055784509914, 20.77055784509914, 20.563241823627234, 20.563241823627234, 20.563241823627234, 20.563241823627234, 20.563241823627234, 20.563241823627234, 20.563241823627234, 20.563241823627234, 20.563241823627234, 20.563241823627234, 20.563241823627234, 20.563241823627234, 20.563241823627234, 20.563241823627234, 20.563241823627234, 20.563241823627234, 20.563241823627234, 20.563241823627234, 20.563241823627234, 20.563241823627234, 20.563241823627234, 20.563241823627234, 20.563241823627234, 20.563241823627234, 20.563241823627234, 20.563241823627234], 
[20.85112564662417, 20.842293230625454, 20.7465753407301, 20.7465753407301, 20.7465753407301, 20.618032759598698, 20.618032759598698, 20.618032759598698, 20.618032759598698, 20.618032759598698, 20.618032759598698, 20.618032759598698, 20.618032759598698, 20.618032759598698, 20.618032759598698, 20.618032759598698, 20.618032759598698, 20.618032759598698, 20.618032759598698, 20.618032759598698, 20.618032759598698, 20.618032759598698, 20.618032759598698, 20.618032759598698, 20.618032759598698, 20.618032759598698, 20.618032759598698, 20.618032759598698, 20.618032759598698, 20.551557235037684], 
[20.770115115837406, 20.770115115837406, 20.683329690472377, 20.683329690472377, 20.683329690472377, 20.683329690472377, 20.683329690472377, 20.683329690472377, 20.683329690472377, 20.683329690472377, 20.683329690472377, 20.683329690472377, 20.683329690472377, 20.683329690472377, 20.683329690472377, 20.683329690472377, 20.683329690472377, 20.683329690472377, 20.683329690472377, 20.683329690472377, 20.683329690472377, 20.683329690472377, 20.683329690472377, 20.683329690472377, 20.683329690472377, 20.683329690472377, 20.683329690472377, 20.683329690472377, 20.683329690472377, 20.683329690472377], 
[20.64367599254583, 20.64367599254583, 20.64367599254583, 20.64367599254583, 20.64367599254583, 20.64367599254583, 20.64367599254583, 20.64367599254583, 20.64367599254583, 20.64367599254583, 20.64367599254583, 20.64367599254583, 20.64367599254583, 20.64367599254583, 20.64367599254583, 20.64367599254583, 20.64367599254583, 20.64367599254583, 20.64367599254583, 20.64367599254583, 20.64367599254583, 20.64367599254583, 20.64367599254583, 20.64367599254583, 20.64367599254583, 20.64367599254583, 20.64367599254583, 20.563079649152908, 20.563079649152908, 20.563079649152908],
[20.779156367260992, 20.715166036649418, 20.715166036649418, 20.715166036649418, 20.715166036649418, 20.715166036649418, 20.715166036649418, 20.715166036649418, 20.715166036649418, 20.715166036649418, 20.715166036649418, 20.715166036649418, 20.715166036649418, 20.715166036649418, 20.715166036649418, 20.715166036649418, 20.715166036649418, 20.715166036649418, 20.715166036649418, 20.715166036649418, 20.715166036649418, 20.715166036649418, 20.715166036649418, 20.715166036649418, 20.715166036649418, 20.715166036649418, 20.715166036649418, 20.715166036649418, 20.715166036649418, 20.715166036649418],
[20.885290173536795, 20.85346381688639, 20.73533242288943, 20.73533242288943, 20.73533242288943, 20.73533242288943, 20.619656849198975, 20.619656849198975, 20.619656849198975, 20.619656849198975, 20.619656849198975, 20.619656849198975, 20.619656849198975, 20.619656849198975, 20.619656849198975, 20.619656849198975, 20.619656849198975, 20.619656849198975, 20.619656849198975, 20.619656849198975, 20.619656849198975, 20.619656849198975, 20.619656849198975, 20.619656849198975, 20.619656849198975, 20.619656849198975, 20.619656849198975, 20.619656849198975, 20.619656849198975, 20.619656849198975],
[20.900173911692367, 20.801888978472302, 20.801888978472302, 20.801888978472302, 20.801888978472302, 20.801888978472302, 20.801888978472302, 20.469632183814834, 20.469632183814834, 20.469632183814834, 20.469632183814834, 20.419629591866236, 20.419629591866236, 20.419629591866236, 20.419629591866236, 20.419629591866236, 20.419629591866236, 20.419629591866236, 20.419629591866236, 20.419629591866236, 20.419629591866236, 20.419629591866236, 20.419629591866236, 20.419629591866236, 20.419629591866236, 20.419629591866236, 20.419629591866236, 20.419629591866236, 20.419629591866236, 20.419629591866236],
[20.67482046141462, 20.52202219864559, 20.52202219864559, 20.52202219864559, 20.52202219864559, 20.52202219864559, 20.52202219864559, 20.52202219864559, 20.52202219864559, 20.52202219864559, 20.52202219864559, 20.52202219864559, 20.52202219864559, 20.52202219864559, 20.52202219864559, 20.52202219864559, 20.52202219864559, 20.52202219864559, 20.52202219864559, 20.52202219864559, 20.52202219864559, 20.52202219864559, 20.52202219864559, 20.52202219864559, 20.52202219864559, 20.52202219864559, 20.52202219864559, 20.52202219864559, 20.52202219864559, 20.52202219864559],
[20.76676511552509, 20.69051922840346, 20.69051922840346, 20.69051922840346, 20.69051922840346, 20.69051922840346, 20.69051922840346, 20.69051922840346, 20.69051922840346, 20.69051922840346, 20.69051922840346, 20.69051922840346, 20.69051922840346, 20.69051922840346, 20.69051922840346, 20.69051922840346, 20.69051922840346, 20.69051922840346, 20.69051922840346, 20.69051922840346, 20.69051922840346, 20.69051922840346, 20.69051922840346, 20.69051922840346, 20.69051922840346, 20.69051922840346, 20.69051922840346, 20.69051922840346, 20.69051922840346, 20.67973851729223],
[20.694560992722913, 20.694560992722913, 20.694560992722913, 20.694560992722913, 20.694560992722913, 20.694560992722913, 20.694560992722913, 20.694560992722913, 20.694560992722913, 20.694560992722913, 20.694560992722913, 20.694560992722913, 20.66220604824, 20.66220604824, 20.66220604824, 20.66220604824, 20.66220604824, 20.66220604824, 20.66220604824, 20.66220604824, 20.66220604824, 20.66220604824, 20.66220604824, 20.66220604824, 20.66220604824, 20.66220604824, 20.66220604824, 20.66220604824, 20.66220604824, 20.66220604824],
[20.889701968647962, 20.695198367795385, 20.695198367795385, 20.695198367795385, 20.695198367795385, 20.695198367795385, 20.695198367795385, 20.65974203732826, 20.65974203732826, 20.65974203732826, 20.65974203732826, 20.65974203732826, 20.65974203732826, 20.65974203732826, 20.65974203732826, 20.65974203732826, 20.65974203732826, 20.65974203732826, 20.65974203732826, 20.65974203732826, 20.65974203732826, 20.65974203732826, 20.65974203732826, 20.65974203732826, 20.65974203732826, 20.65974203732826, 20.65974203732826, 20.65974203732826, 20.65974203732826, 20.65974203732826],
[20.7536660204311, 20.7536660204311, 20.7536660204311, 20.7536660204311, 20.7536660204311, 20.61415178456319, 20.61415178456319, 20.61415178456319, 20.61415178456319, 20.61415178456319, 20.61415178456319, 20.61415178456319, 20.61415178456319, 20.61415178456319, 20.61415178456319, 20.61415178456319, 20.61415178456319, 20.61415178456319, 20.61415178456319, 20.61415178456319, 20.61415178456319, 20.61415178456319, 20.61415178456319, 20.61415178456319, 20.61415178456319, 20.61415178456319, 20.61415178456319, 20.61415178456319, 20.61415178456319, 20.61415178456319],
[20.68652544273287, 20.68652544273287, 20.68652544273287, 20.68652544273287, 20.68652544273287, 20.68652544273287, 20.68652544273287, 20.68652544273287, 20.68652544273287, 20.68652544273287, 20.68652544273287, 20.68652544273287, 20.66585602501621, 20.66585602501621, 20.66585602501621, 20.66585602501621, 20.66585602501621, 20.66585602501621, 20.66585602501621, 20.66585602501621, 20.66585602501621, 20.66585602501621, 20.66585602501621, 20.66585602501621, 20.66585602501621, 20.66585602501621, 20.66585602501621, 20.66585602501621, 20.66585602501621, 20.66585602501621],
[20.868901988495374, 20.853025988960624, 20.761777463141872, 20.761777463141872, 20.761777463141872, 20.75861388683314, 20.7542224187526, 20.56994446667962, 20.56994446667962, 20.56994446667962, 20.56994446667962, 20.56994446667962, 20.56994446667962, 20.56994446667962, 20.56994446667962, 20.56994446667962, 20.56994446667962, 20.56994446667962, 20.56994446667962, 20.56994446667962, 20.56994446667962, 20.56994446667962, 20.56994446667962, 20.56994446667962, 20.56994446667962, 20.56994446667962, 20.56994446667962, 20.56994446667962, 20.56994446667962, 20.56994446667962],
