[456505108.35070854, 341237382.1505858, 250384957.5912165, 169856427.4520809, 119819286.17036341, 80586261.1660739, 55551659.10012977, 39283105.97915419, 27791745.065854013, 19251306.455352597, 14390206.160590777, 9105403.246794775, 6616540.785405841, 5314062.940241544, 3582838.1464644475, 2622172.6764848023, 1839105.7916412859, 1225648.9019447726, 926607.7596683423, 631555.404340647, 517321.0507476582, 373126.0706980764, 251882.63010736002, 195632.11779793978, 139663.10383404416, 107432.62673221175, 74419.46437972631, 58310.83636376823, 48864.457331547914, 37436.14916439445], 
[488840535.9180926, 318135436.2071624, 223340769.10018343, 147826068.2381136, 98985407.04742932, 75299855.73212329, 54803916.614367165, 38561092.88120742, 25833279.37519401, 15497862.471824521, 11653081.951262573, 7824039.546674565, 5715395.260177659, 4188184.1341858516, 2970823.69285546, 2034603.470000227, 1156701.383302258, 739029.7863069624, 546323.0027839587, 477127.2333513901, 329063.11709118675, 205464.4397359511, 173762.84498103065, 118372.55567876808, 100924.55706779979, 79184.85602618987, 59728.04714081152, 47406.57796687363, 38447.48199721607, 31244.814499393644], 
[472231892.90171266, 347444395.3235619, 239326028.6969745, 167402599.14964274, 120775414.1217339, 89776685.55376221, 55396486.61682082, 40841861.660318606, 26100674.495103408, 18223230.125090778, 13233591.83060563, 8864122.983970929, 5740307.86422954, 4329135.0520314425, 2691219.53713668, 2162777.385510037, 1421843.0348520132, 1022597.7926271594, 695765.3083916033, 468686.99900787964, 340442.7913227828, 280354.3401886102, 195562.2352594233, 143208.40885001578, 120673.22859079776, 93711.134192146, 68284.62320390595, 55737.26538734561, 40885.289679598594, 33042.70418585402], 
[464885647.78892726, 343135672.5809455, 212817922.10349402, 153814437.700168, 110257743.88548665, 81898850.06803448, 51799607.57732021, 39099127.68417351, 29040181.32101539, 20277934.37971847, 12733682.773571277, 8830738.444337701, 6156303.217645029, 4086573.333001421, 2969110.2629325427, 1944693.077977241, 1476123.1349339534, 1073115.0924092652, 770156.4269358756, 567937.1448236586, 430620.337059305, 295001.0877337199, 213269.26357648993, 169884.8148137596, 112687.14595550345, 82223.41913174713, 71191.66920107589, 55642.46253786892, 44330.437456833184, 34832.23026011215], 
[427064180.8678033, 320305324.77273613, 204833696.33166268, 166896366.86192968, 107748320.23080032, 77407921.66803996, 56750687.70349908, 37789430.62892696, 27820912.06563245, 19748840.26643763, 12251836.823320499, 8259247.456858968, 5996930.461986909, 3815446.0369424024, 2554367.7070067595, 1828452.7809114235, 1324596.581499595, 936968.1498316262, 651211.6113833667, 517695.21308367135, 347509.0258598387, 249059.57757922632, 169326.6289636949, 125557.20617980542, 107916.27659385744, 82711.29751692743, 62661.24700932981, 48251.39822252276, 35995.76941744183, 32107.277360708194], 
[464426408.8916756, 356245586.94208276, 258595420.61999264, 180488683.1416809, 128022491.15405302, 85541425.48790649, 60512053.572995946, 37171882.95475535, 29121370.581742268, 19485671.821100917, 14729807.615189223, 10567122.024341345, 6991678.669481844, 4667047.125861317, 3157556.4410007326, 2240977.6990685943, 1619718.1836035976, 1188724.5089067288, 764330.8296373979, 568314.8397982962, 404980.290105544, 241558.55845028473, 187594.85262016646, 137826.11758476528, 110595.36961395868, 79765.55121376082, 65770.0439497199, 50506.02310603852, 39860.75321022064, 33427.05213603007],
[497422001.74281776, 346934796.70108044, 250061168.3138498, 172978836.7539137, 102732199.29121259, 76572286.17178112, 53985801.593315415, 38928106.298428975, 25127346.72371459, 17965359.07746672, 13250627.915839566, 7776355.220232332, 6191988.263874462, 3533356.989409688, 2957422.196934784, 1938385.1505995702, 1398280.4153651425, 1046926.6684746365, 658742.0283484664, 517608.04078105657, 342995.84315973165, 256378.15970070966, 205730.66189226144, 151838.76452688765, 113874.42081326441, 82440.40624101937, 62037.72833455726, 51331.402770935165, 38878.75327857829, 31274.33469806609],
[491815214.09573793, 342195247.5442846, 210668607.2895064, 141298325.1423027, 113374831.36590773, 77501492.16488115, 55911070.42998829, 36939464.810012385, 24980524.494620748, 17232292.463815097, 11401223.094707536, 8296775.544617338, 5401700.048694601, 3700304.0721610896, 2594976.8990855305, 1729706.3206305394, 1286999.1220402946, 880759.4299881139, 689370.5738759447, 548745.6064850028, 349810.87788520235, 287448.57091941393, 209709.99412327504, 155199.13222980776, 114878.48358100915, 91841.6049477275, 65955.96553307604, 46167.456474951454, 39184.65570158085, 33512.9355630228],
[472232005.7939427, 339576203.8023972, 236730407.94891807, 144781732.37605336, 110198992.05996667, 80240638.62349768, 55006391.34616514, 38373801.38193201, 28977044.300017532, 20490431.05617505, 15889441.340863807, 10176635.61680108, 7652343.582222294, 5261154.386415983, 3707967.5733410823, 2801744.642769469, 1926039.1989818017, 1234410.9320895479, 932316.3597803906, 595500.501296002, 476125.3267651734, 350222.6261437965, 251916.12064048887, 172243.63566252647, 141573.9023392578, 109933.50744900483, 70642.05744255983, 66704.10699212788, 50548.004709102286, 40789.090637136745], 
[464709706.9112583, 364432811.74868834, 239453389.51916993, 194757486.61918592, 140128651.75292817, 97424016.48100384, 63964125.513484396, 46036470.85858709, 33735629.30000402, 24277160.202756535, 16041938.061963884, 11904362.80737763, 8289160.484408165, 5824104.823817072, 4098000.292001549, 2706495.8009738126, 2096302.8169369868, 1543561.3794596037, 1164690.1667417402, 749141.1409213686, 602649.9885996779, 430625.4047839428, 352219.4520388057, 266160.0284978746, 161567.9084105377, 140168.56956207324, 98659.88540924787, 80113.2041290877, 60146.1068619307, 47682.18599381021], 
[448445378.0387333, 327678554.0057231, 240246307.8146641, 153175560.25413725, 122705231.45486392, 80693792.22869726, 53236689.52106881, 41402951.279509336, 29970194.69403853, 22263109.384365264, 14918917.914885024, 10893922.057955762, 7894819.234387262, 5342635.604222364, 3861692.831582208, 2875799.4197714566, 1834950.4150502156, 1169286.9113477997, 883362.0155558923, 647347.2217157771, 484886.50304359186, 311861.1181659332, 252969.40242908135, 195072.6698252083, 149417.65630642153, 102581.95542727048, 78805.27248638669, 60629.6429933909, 50701.138508714124, 40241.07183716549], 
[413166669.8697339, 336113000.4292758, 195384354.40152407, 169460163.50594714, 113938031.37103377, 66760864.32180943, 57219972.78441663, 36005259.14995995, 26103090.22663537, 16653329.955174608, 10801976.955689559, 7687646.567820129, 5797589.70051328, 4058555.7971232547, 2687468.1664251867, 1874881.2095598257, 1313717.2603104678, 1053788.3738973574, 728998.9808674287, 550505.2176334645, 364945.30065365945, 288703.55141498597, 216999.98239086024, 148454.67538279024, 118877.97075239284, 80585.09497626412, 64914.326522469586, 48189.6311384616, 39995.244151010746, 30053.104241764926], 
[470026662.8358042, 299810799.9058873, 200578478.89599437, 170955275.319285, 110984138.64382829, 78954196.9463913, 54649245.10844954, 41311718.15795047, 28910944.884490855, 21400664.20698538, 13798964.041129718, 10212266.254046366, 7640028.008084967, 5378082.023719231, 3864120.398140538, 2818592.943200032, 1748208.0174107514, 1315767.0269732077, 919097.6812544928, 711987.594318791, 522734.4852569485, 369785.72756422445, 253950.40377364654, 197751.52874478878, 150636.37409150793, 115600.20991821111, 87441.89061178359, 66872.69826254327, 56016.38673733798, 47328.14443205071], 
[498573448.02853256, 337259806.12305593, 268564155.7179141, 193589355.71778572, 126903165.89271599, 95516208.58355598, 63644212.1572403, 48476192.050959624, 33081463.935814444, 23018119.752791625, 16675114.519865474, 12499291.111568293, 7438649.033288753, 5890071.760287868, 4369510.382871957, 2983634.8769760593, 2299967.2431020336, 1677566.375230637, 1216407.8170243863, 858989.4178835908, 593493.1747547584, 419742.2820052547, 351020.52977945044, 250160.48481811432, 172629.85927434865, 148757.8963943611, 108170.32326924834, 73426.45626592658, 65258.9969230032, 51248.36297041007], 
[481693109.8334096, 341973536.5455081, 245611069.29817078, 172408385.40507716, 128004772.10383916, 87355855.85991108, 59523189.73692982, 41841099.269122645, 27041446.809496854, 21084133.01631762, 13021742.81363201, 9350127.265524678, 6539764.745780533, 4660929.310238792, 3343245.3279094067, 2317158.9036985943, 1553347.8942531205, 1248267.1437483483, 813712.570044861, 591257.5070506125, 452742.43247425504, 330749.75702461845, 220531.61718883476, 178299.96174350337, 143142.75948889428, 100399.53089211854, 78290.40442694708, 57750.41677813786, 51321.956806598435, 35397.36136909127], 
[449275554.89745754, 323210561.1016079, 218910148.9465905, 165201168.31423777, 99220443.97250557, 71298800.32285273, 45093125.10025282, 33283845.833717447, 23264227.747334592, 17943185.03340626, 12138898.179866903, 9083170.975544238, 6280727.91714411, 4515792.882393072, 3200335.8550491603, 2267039.414026266, 1317939.0838230564, 1078458.4959798793, 812584.3613939245, 567088.6375258459, 434749.8412511938, 316661.55892468354, 223167.92185191272, 155180.6933063463, 135186.80042313648, 96816.11625195682, 73345.62506353784, 55016.937506335446, 48538.810555030796, 37735.83556613019], 
[465158633.97808546, 298070082.20901597, 233374725.2855259, 165966757.50333807, 114208392.4534687, 75718733.46759968, 48180104.853669435, 39450280.62360454, 27717485.070450146, 18583921.45657644, 13469125.526236217, 9845342.579966655, 5904527.171891452, 4856712.665455961, 3147729.0531663653, 2245378.284781014, 1672512.9230486131, 1287252.077207233, 827871.7301516279, 626358.5989358207, 440178.04644921346, 358763.1236845503, 262247.63193193165, 198651.15011397243, 153978.242099069, 114684.8979413329, 76743.10927718018, 64725.647492598844, 50607.75158337224, 41976.42811308467], 
[433322753.1198987, 322345493.2292362, 241268598.95095763, 151926086.14571428, 102968506.46880463, 77655636.90659983, 54472922.80973875, 38627877.21667351, 24979627.98946137, 17400170.141351957, 12112770.24333658, 8691433.416514901, 5653693.833370423, 3948421.928607854, 3009578.576034826, 2181062.982657255, 1484237.4235883406, 960374.2570961007, 767163.1189388197, 569122.9534887555, 428366.3998647316, 317127.72080961295, 229873.93398075033, 168563.4250704338, 129506.70477737277, 104921.32406626565, 71888.6024987203, 60608.960174352134, 50673.380169054224, 39360.05817455013], 
[505172885.4754252, 340367510.12566113, 227642981.81340227, 164370389.81644595, 99251595.84748058, 65580522.67786135, 54227343.75876911, 35242282.54005151, 27646226.790091034, 20901040.057811037, 13578146.144403225, 9811445.576515349, 7032886.869919162, 5211633.72400515, 3516403.646408306, 2591767.6457435736, 1835187.2770031826, 1298150.049802487, 842795.8998013866, 599847.1433503622, 497697.4085940552, 360425.1321467151, 251869.79281516708, 205329.97085230422, 146444.84052746065, 116372.68687854202, 80718.3124071617, 59790.00016440326, 44990.69174468846, 38706.81294503404], 
[452587273.8823738, 314320911.00048596, 215476624.03869447, 165022816.57452074, 119655757.70902501, 88817240.72447263, 56949099.293059535, 38368636.77298153, 26904325.200892236, 20046381.531920303, 12586781.27593829, 8663804.005619545, 5862391.638521125, 4669095.918608478, 3192096.506218476, 2340433.4801491075, 1538130.1385106803, 1106449.5064100828, 831864.9152919812, 611559.3298702398, 430910.57397243375, 334567.4272615269, 238813.9735496887, 173950.86031725217, 135703.01318047344, 98132.58832739369, 82577.4926046056, 70452.68722907815, 54240.90816053764, 43551.073655310516], 
[472200994.9278423, 338413753.81704223, 256588282.91960245, 175275661.66113183, 138923494.7839757, 88417499.6701598, 63357652.818772346, 49098673.93200909, 31174592.67103987, 22736138.889837272, 17179459.960709665, 13094542.312056018, 8822516.612885382, 6602268.6358221825, 4477118.861647598, 3116542.0345999035, 2137136.6783124683, 1539199.6198527974, 1035215.5546174165, 755875.7982188917, 533675.9205863164, 397014.6636238018, 291372.04692130163, 198555.33941201965, 172002.00933042105, 125668.9339430468, 95846.75066447584, 77919.06165137117, 58645.11311523332, 46777.19639257893], 
[458951534.6242769, 364951119.7226566, 262994045.58530244, 175119281.14696088, 128058386.54826753, 87916695.99621667, 60564061.509969175, 39100539.80728305, 31176088.000584, 19987029.80830511, 13894401.867498053, 9111397.280203596, 6550760.866912385, 4977109.443866328, 3308037.915188191, 2308084.386350512, 1802953.9515645858, 1391449.938292889, 900772.7517868143, 735253.1242762505, 551734.6949997467, 406048.7891925468, 287533.9954221369, 213876.49654521543, 175972.01211855264, 126257.23002177067, 85141.23555621247, 64761.59453638126, 53352.974491938185, 40975.37446877729], 
[472447784.806058, 356333936.1067604, 287916561.2249582, 189582548.01677874, 143341313.5066357, 98339150.69616494, 66271790.137349784, 51818372.36570599, 35276630.568955146, 26243555.90656066, 17765596.213887524, 13070669.10214342, 9884404.721258909, 6509040.03663933, 4521277.018399328, 3165247.3177044787, 2430783.1933928896, 1437724.4808150008, 1239753.8758559052, 810404.9358925933, 593855.7396272387, 444192.2776102942, 320862.596555408, 230539.4227651771, 184631.4852689828, 149982.3318969426, 104528.07240905837, 88092.04101553337, 66531.69665952257, 52265.92960148481], 
[445615282.28650045, 347928361.9776503, 263457250.38732842, 180635013.77023262, 116119417.01135628, 93099702.17509878, 64764013.557120085, 48572939.4237672, 31592463.39305779, 20511691.460703988, 14628873.359878203, 11803465.021944165, 8332330.940206853, 6124931.623738769, 4675220.098106336, 2795133.3634728994, 2208837.3335335637, 1453686.600683995, 1200717.8711391708, 810021.2344813078, 572315.0578510093, 450679.9391801138, 304944.04082111636, 205906.20995201074, 154822.11142965537, 117680.58482913171, 78058.65640495227, 63031.13521403775, 50779.11764863304, 42097.60476319088], 
[464885647.78892726, 343135672.5809455, 212817922.10349402, 153814437.700168, 110257743.88548665, 81898850.06803448, 51799607.57732021, 39099127.68417351, 29040181.32101539, 20277934.37971847, 12733682.773571277, 8830738.444337701, 6156303.217645029, 4086573.333001421, 2969110.2629325427, 1944693.077977241, 1476123.1349339534, 1073115.0924092652, 770156.4269358756, 567937.1448236586, 430620.337059305, 295001.0877337199, 213269.26357648993, 169884.8148137596, 112687.14595550345, 82223.41913174713, 71191.66920107589, 55642.46253786892, 44330.437456833184, 34832.23026011215],
