[8409.198181623138, 8335.28844420219, 8288.598154245718, 8288.598154245718, 8288.598154245718, 8230.866707119105, 7734.742289471433, 7734.742289471433, 7734.742289471433, 7734.742289471433, 7734.742289471433, 7707.613590859413, 7707.613590859413, 7707.613590859413, 7707.613590859413, 7707.613590859413, 7557.634522807626, 7508.436585465941, 7476.530607695843, 7476.530607695843, 7476.530607695843, 7339.258541007963, 7339.258541007963, 7339.258541007963, 7339.258541007963, 7339.258541007963, 7285.823466101207, 7285.823466101207, 7285.823466101207, 7285.823466101207], 
[8382.988928127597, 8137.350506926711, 8137.350506926711, 8137.350506926711, 8069.232618466285, 8069.232618466285, 8069.232618466285, 7999.209650436161, 7795.904255242503, 7795.904255242503, 7795.904255242503, 7775.3277082631475, 7775.3277082631475, 7775.3277082631475, 7758.36187395211, 7743.838654944926, 7743.838654944926, 7686.150688077715, 7557.427868742668, 7557.427868742668, 7557.427868742668, 7557.427868742668, 7552.626774233906, 7552.626774233906, 7316.08967842523, 7316.08967842523, 7316.08967842523, 7316.08967842523, 7114.32514939417, 7114.32514939417], 
[8439.607770785327, 8299.353284334147, 8299.353284334147, 8299.353284334147, 8224.119006351997, 8096.833981435734, 8096.833981435734, 7950.276522846395, 7943.701073495818, 7853.356254846971, 7853.356254846971, 7853.356254846971, 7839.342422746956, 7839.342422746956, 7706.387634188638, 7641.173213749599, 7638.1624304995, 7638.1624304995, 7577.3188278877415, 7577.3188278877415, 7577.3188278877415, 7554.492510466029, 7467.497617355063, 7467.497617355063, 7467.497617355063, 7354.065440874492, 7354.065440874492, 7295.22516038361, 7295.22516038361, 7295.22516038361], 
[8287.381230602543, 8287.381230602543, 8287.381230602543, 8287.381230602543, 8287.381230602543, 7964.0816195683965, 7901.942658391638, 7901.942658391638, 7893.1166674305205, 7767.32443824889, 7767.32443824889, 7709.058495483019, 7709.058495483019, 7692.069509683706, 7474.14958995788, 7474.14958995788, 7474.14958995788, 7474.14958995788, 7474.14958995788, 7427.424090238263, 7427.424090238263, 7361.041762357995, 7361.041762357995, 7188.963212828764, 7188.963212828764, 7188.963212828764, 7188.963212828764, 7188.963212828764, 7100.004544477129, 7100.004544477129], 
[8330.12831951583, 8330.12831951583, 8265.536522663422, 8187.408469406561, 8025.88679059946, 8025.88679059946, 8025.88679059946, 7977.917083007519, 7977.917083007519, 7977.917083007519, 7933.921321680829, 7933.921321680829, 7756.285829475145, 7756.285829475145, 7756.285829475145, 7756.285829475145, 7756.285829475145, 7566.637342817737, 7566.637342817737, 7566.637342817737, 7450.626049655155, 7433.378287056667, 7433.378287056667, 7229.176659800569, 7229.176659800569, 7229.176659800569, 7229.176659800569, 7229.176659800569, 7229.176659800569, 6992.157711288432], 
[8422.110073464086, 8302.74859591042, 8302.74859591042, 8014.224469246254, 8014.224469246254, 7988.799621226782, 7899.31243136376, 7899.31243136376, 7680.533454689621, 7680.533454689621, 7680.533454689621, 7680.533454689621, 7680.533454689621, 7492.225232965479, 7492.225232965479, 7492.225232965479, 7492.225232965479, 7492.225232965479, 7492.225232965479, 7437.773742169633, 7437.773742169633, 7437.773742169633, 6985.65826250979, 6985.65826250979, 6985.65826250979, 6985.65826250979, 6985.65826250979, 6985.65826250979, 6985.65826250979, 6985.65826250979],
[8270.83087179671, 8270.83087179671, 8240.044282490948, 8115.245220015705, 8105.358962283674, 7927.675087584612, 7916.569295690134, 7784.400969223282, 7784.400969223282, 7554.0499441982065, 7554.0499441982065, 7554.0499441982065, 7554.0499441982065, 7554.0499441982065, 7554.0499441982065, 7554.0499441982065, 7554.0499441982065, 7554.0499441982065, 7509.025274161665, 7467.337690797465, 7284.508398891144, 7284.508398891144, 7212.679169535647, 7212.679169535647, 7212.679169535647, 7212.679169535647, 7212.679169535647, 7212.679169535647, 7212.679169535647, 7212.679169535647], 
[8418.296638374122, 8418.296638374122, 8196.028368003615, 8099.334155299964, 8099.334155299964, 8010.819898441617, 8010.819898441617, 7969.843264889694, 7898.672331411366, 7898.672331411366, 7825.3858109785315, 7825.3858109785315, 7742.882756013024, 7742.882756013024, 7723.466487020971, 7606.360887236804, 7606.360887236804, 7606.360887236804, 7606.360887236804, 7606.360887236804, 7544.192741452173, 7430.064107586044, 7430.064107586044, 7430.064107586044, 7430.064107586044, 7430.064107586044, 7421.872656336221, 7384.612078198701, 7384.612078198701, 7272.382008717223], 
[8301.248938673638, 8301.248938673638, 8209.874472929681, 8154.70016355536, 8154.70016355536, 7854.076526907011, 7854.076526907011, 7854.076526907011, 7854.076526907011, 7854.076526907011, 7854.076526907011, 7799.240369635633, 7799.240369635633, 7772.67006873191, 7739.866768423301, 7736.94363442821, 7736.94363442821, 7690.517110008456, 7617.053556353041, 7617.053556353041, 7584.065323396496, 7584.065323396496, 7536.750569267449, 7536.750569267449, 7453.566992439839, 7331.918861748849, 7331.918861748849, 7325.086986739307, 7325.086986739307, 7187.550393664471], 
[8436.588313200124, 8381.814126770978, 8299.471882986747, 8076.765951766189, 8076.765951766189, 8076.765951766189, 8076.765951766189, 8076.765951766189, 8014.126546035111, 7964.895177805496, 7729.953612916993, 7560.044983993154, 7560.044983993154, 7560.044983993154, 7560.044983993154, 7560.044983993154, 7560.044983993154, 7560.044983993154, 7560.044983993154, 7560.044983993154, 7560.044983993154, 7496.221290869127, 7496.221290869127, 7412.898777930873, 7412.898777930873, 7412.898777930873, 7412.898777930873, 7316.774216000963, 7316.774216000963, 7316.774216000963], 
[8446.441996078362, 8424.431717285912, 8424.431717285912, 8255.457174506966, 8178.537576371157, 8047.891869366986, 7933.914771611847, 7933.914771611847, 7933.914771611847, 7933.914771611847, 7775.44923698198, 7775.44923698198, 7699.215697428446, 7699.215697428446, 7699.215697428446, 7685.1479725140325, 7685.1479725140325, 7685.1479725140325, 7547.778404203756, 7547.778404203756, 7542.765179630837, 7542.765179630837, 7507.7861201368205, 7400.763392790025, 7400.763392790025, 7400.763392790025, 7400.763392790025, 7400.763392790025, 7400.763392790025, 7400.763392790025], 
[8524.529195633417, 8307.55886233413, 8307.55886233413, 8183.17623961708, 7933.427104658045, 7933.427104658045, 7735.803915354798, 7735.803915354798, 7735.803915354798, 7735.803915354798, 7701.14305323723, 7701.14305323723, 7701.14305323723, 7701.14305323723, 7701.14305323723, 7701.14305323723, 7701.14305323723, 7640.970062537352, 7588.553330069871, 7558.768557163778, 7349.943459239257, 7349.943459239257, 7349.943459239257, 7349.943459239257, 7287.5198300992215, 7287.5198300992215, 7287.5198300992215, 7287.5198300992215, 7247.346442846832, 7212.812618215043], 
[8528.376778700032, 8451.710123546396, 8312.903197659276, 8151.738192835044, 8073.470381843463, 8073.470381843463, 8073.470381843463, 8067.085828563598, 7926.178270221078, 7926.178270221078, 7926.178270221078, 7890.842125209108, 7807.228820114424, 7807.228820114424, 7785.941116849044, 7634.861983472656, 7634.861983472656, 7634.861983472656, 7584.391065866157, 7584.391065866157, 7483.8699470243655, 7483.8699470243655, 7483.8699470243655, 7483.8699470243655, 7483.8699470243655, 7465.642695532488, 7354.30999238716, 7354.30999238716, 7354.30999238716, 7303.69093618298], 
[8528.172658820979, 8508.972630226574, 8293.201956883304, 8285.947144536869, 8106.023296538649, 8086.860196031978, 8086.860196031978, 8051.173396339521, 8047.110268498697, 8047.110268498697, 7958.091254929827, 7847.170653447786, 7801.75173814617, 7668.811927376262, 7668.811927376262, 7668.811927376262, 7668.811927376262, 7586.872494098157, 7586.872494098157, 7586.872494098157, 7518.6934489760515, 7475.742443618752, 7347.943417955264, 7298.019427523437, 7274.613829402282, 7274.613829402282, 7274.613829402282, 7274.613829402282, 7262.47060489728, 7262.47060489728], 
[8323.036720671244, 8323.036720671244, 8306.921284143395, 8306.921284143395, 8015.01802443537, 8015.01802443537, 8015.01802443537, 8015.01802443537, 7986.697394507182, 7986.697394507182, 7986.697394507182, 7912.642940835303, 7729.913412841686, 7667.2854228438155, 7667.2854228438155, 7587.780051618339, 7475.552368925495, 7475.552368925495, 7475.552368925495, 7475.552368925495, 7475.552368925495, 7475.552368925495, 7433.948044684018, 7433.948044684018, 7394.8753795517805, 7385.2067865094305, 7385.2067865094305, 7215.966328295547, 7215.966328295547, 7215.966328295547], 
[8292.163273818674, 8249.195957588381, 8110.330818153069, 8110.330818153069, 8110.330818153069, 8083.613412603714, 7923.409745621712, 7923.409745621712, 7858.493378761621, 7710.425183743177, 7710.425183743177, 7710.425183743177, 7710.425183743177, 7710.425183743177, 7593.664765465874, 7593.664765465874, 7591.642857583947, 7323.169168594489, 7323.169168594489, 7323.169168594489, 7323.169168594489, 7323.169168594489, 7323.169168594489, 7323.169168594489, 7280.638785368938, 7106.8491231302405, 7012.591410147392, 7012.591410147392, 7012.591410147392, 7012.591410147392], 
[8314.57141589588, 8196.322941964834, 8196.322941964834, 8196.322941964834, 8175.42955430443, 8003.613132359076, 8003.613132359076, 7859.180498880794, 7859.180498880794, 7739.816144909228, 7739.816144909228, 7739.816144909228, 7739.816144909228, 7739.816144909228, 7681.652761898105, 7681.652761898105, 7465.413655713969, 7465.413655713969, 7403.514910761342, 7403.514910761342, 7403.514910761342, 7403.514910761342, 7403.514910761342, 7403.514910761342, 7403.514910761342, 7403.514910761342, 7042.379559373087, 7042.379559373087, 7042.379559373087, 7042.379559373087], 
[8500.755554518408, 8404.43182028037, 8128.271184674688, 8128.271184674688, 8128.271184674688, 8094.711398004145, 8051.544623914479, 8045.3776379188575, 7829.653143878133, 7829.653143878133, 7810.431212045298, 7602.633437039659, 7564.072505215712, 7564.072505215712, 7564.072505215712, 7564.072505215712, 7564.072505215712, 7564.072505215712, 7564.072505215712, 7509.021396304662, 7509.021396304662, 7470.07775815136, 7282.500629619102, 7282.500629619102, 7282.500629619102, 7282.500629619102, 7261.102255550967, 7149.699677516928, 7006.057976101384, 7006.057976101384], 
