[4459709600.0064535, 3344514290.8589826, 2322659369.1980543, 1854758578.2047846, 1407731236.6413777, 852087170.2233387, 697410054.5093166, 485714493.2742449, 340972935.9958412, 228048574.16545263, 154230233.83526224, 105510695.76061992, 64313805.54455375, 46391832.616224565, 36998038.86573371, 24081952.68818468, 17596551.00291381, 12188778.823957168, 8130252.638138951, 5653144.385802731, 3936810.776275039, 2790564.2148662372, 2055216.63997574, 1600544.1189335447, 1196790.0904752852, 878585.4261418423, 672953.6850313639, 449386.16567782784, 327854.4714814067, 243696.34797179297], 
[4776665430.104255, 3730001622.999042, 2804011020.477782, 2025281631.0811543, 1470056003.099265, 1068566770.0589353, 716737374.7913648, 519798875.4168865, 357481553.73970914, 246885281.73641402, 174460958.4992193, 129825068.79983981, 91852586.44727983, 68933157.04079054, 43105654.48701762, 33680170.911835946, 22605790.358086895, 14157862.944908323, 11817262.154713219, 8426283.17540207, 6005314.534053283, 4043123.3067614147, 2866927.3338927138, 2103659.622227146, 1380485.2765230646, 1048793.5208678963, 693929.3348770248, 438710.8129481334, 353435.3994571694, 259569.32974036768], 
[4278879896.5001254, 3513302511.575719, 2763118291.504271, 2112396225.0309272, 1420246146.5631177, 896983818.5700959, 766252551.8271767, 469917458.8474172, 355424965.30510336, 229392772.47693834, 188492964.426137, 122386204.31911352, 85637306.04328598, 60516911.12189659, 47224323.67234848, 30658679.8177718, 22046161.14512375, 14263083.485150794, 10674303.569326181, 6657430.713024026, 5353172.295743228, 3731559.2170157963, 2592626.8906975086, 2005088.3735728208, 1276698.8517148283, 1051627.81476753, 721571.8452812312, 545960.2232395959, 394951.5601226213, 313190.2408726823], 
[4040875703.022592, 3273792896.7330613, 2690216867.818204, 1831072225.395192, 1397268864.2061133, 901186664.7378179, 668113697.6939876, 467633779.0979805, 288261234.55081177, 229995036.7904793, 162293781.8737309, 103258276.46044543, 69671592.43398911, 52857429.02887484, 34345551.37494104, 26346650.577539265, 18173827.92257797, 11891871.729324402, 8933242.714139974, 6052412.9526732, 3964309.3762907633, 2840194.7062350004, 1889477.5085158003, 1380167.1522959885, 1060377.2923594927, 672181.9987335026, 586602.9510196106, 434280.4855231704, 299821.46551732486, 237339.86702729276], 
[4440546074.443682, 3783744767.8465633, 2673588027.1818485, 1935458527.9812937, 1288060094.3809874, 906408698.862901, 628599615.0707678, 451725832.67198294, 318694644.0525452, 226098459.87364554, 133233454.8256942, 104831231.99240887, 69369170.92428353, 49723127.27260695, 33477059.632135324, 21382423.352371037, 15404238.334952129, 11578423.239238407, 7603422.694670899, 4865674.613412992, 3505723.865492884, 2782042.794628148, 1839677.9299497379, 1266147.5833622164, 985099.7422789943, 658230.5755245398, 505886.5088717025, 364747.77442479704, 290783.07938844326, 216088.30164171464], 
[4238114177.0265026, 2879779423.098152, 2508899100.4718914, 1463125887.3819096, 1142183279.0223029, 795883767.2002895, 542358813.1238806, 398439463.8532062, 255566771.9688286, 187956077.0740967, 135049429.5431522, 99365517.3539488, 69040303.628196, 46261266.32094368, 33300711.84956778, 23814745.64958915, 15741953.6475746, 11057549.055955494, 7827272.148443539, 5547197.891380473, 4063412.4258443965, 2786114.634581102, 1995789.0516938232, 1379464.0238285246, 1062669.94089602, 729366.4856462815, 471741.04161152506, 379465.28470712097, 284039.4799875239, 223245.17983620043], 
[4263562753.8709044, 3470912553.087725, 2633800260.0477037, 1971525931.4520364, 1370986090.8333378, 888780320.3527168, 553993116.7475052, 357626091.92781615, 263851323.0914469, 171291843.19614053, 117077601.83684582, 85643231.4722864, 59171036.42657541, 38374625.64180957, 29094721.98406624, 19692184.939412143, 13311780.229681037, 9558516.711819809, 6952478.29185762, 4721613.031095232, 3082390.0341517045, 2420819.30359823, 1555749.6100773497, 1027953.7233102261, 681944.9864530485, 599651.7648183812, 404179.5714911078, 290624.1178361791, 223288.2636358256, 175951.35660879713], 
[4506955882.929304, 3402203511.902751, 2687055344.38309, 1950082584.2032754, 1384983497.8942742, 900466036.7796277, 678786582.9121003, 507751015.0050583, 363222931.4799672, 255974315.1995031, 165578210.85346648, 113740283.34135541, 87822530.28813544, 59484372.247196175, 40713116.31719774, 28001330.43348154, 18591011.684165627, 12753058.252938611, 8363658.124424302, 5929097.274104201, 4337673.798393062, 3068545.2999129733, 2002823.350432647, 1324971.4442042992, 988043.3699703207, 711143.6295492585, 513356.7445773227, 350779.3495840123, 268951.6479419865, 217320.27889398977], 
[4538500921.433262, 3609116304.8836484, 2543576965.3733134, 1604185832.82272, 1191006818.0031638, 826012154.4098785, 578998649.4397757, 404491046.29345196, 248971337.79484132, 166282121.75389108, 121137142.20304793, 83924682.97607207, 65119117.89711629, 40925683.84897341, 29305477.62331225, 19285238.23740287, 14568612.110158904, 9435838.017724501, 7583729.927192394, 4857769.941015657, 3789607.7965043974, 2322899.008670397, 1889625.1219585408, 1332045.0348887097, 981738.0863102293, 730773.1535702075, 505529.5933989952, 357060.8715798533, 244998.37621057936, 206309.79782516384], 
[4663202117.772686, 3558518537.9494367, 2623100949.3826942, 1723777810.0676012, 1173231661.2516794, 848203565.9397562, 552349766.8967291, 404097574.3357332, 276934770.28788304, 197840063.9193778, 124479361.20621246, 93772000.25790073, 66666559.19957634, 48560200.06469866, 31099796.44890415, 23256327.05584334, 16935500.908727314, 10566395.572585518, 7725756.041259647, 5089130.503435355, 3517286.266711144, 2683797.3596120174, 1787540.0933645791, 1340496.1353721565, 952058.1956687612, 653314.685601495, 483939.067254921, 391224.28235113976, 269323.62055076205, 222721.4453623504], 
[4339148445.678968, 3452359470.6888165, 2284630216.7721057, 1940071377.037582, 1278210393.44524, 926405080.611663, 635435037.0296195, 420016024.9656209, 275469592.26402175, 217504241.4992521, 143558235.40861773, 101277550.91452669, 69993699.7193236, 47279159.47688771, 31994384.070370946, 22118702.059162676, 16726858.538019545, 10788303.346785717, 7416558.123715714, 5352987.867061926, 3742065.7222640202, 2202575.4497673414, 1776507.6511777844, 1210101.2795957315, 933226.2913175586, 636466.6723685961, 450644.0809891267, 362418.4002045423, 270617.5105797733, 185403.40312603663], 
[4333651892.526424, 2963322810.2372236, 2149705422.6722593, 1557049066.0606015, 1052450313.8480841, 772905373.1975085, 594690932.8918794, 393908859.55982316, 217627484.73914284, 186351736.30888253, 133207296.00824687, 94112688.04583094, 64220573.24850669, 45270282.80400821, 28256762.779925644, 19737542.693370752, 14132832.243564917, 9526562.719500389, 6569831.154127416, 4661457.569336682, 2942812.625967022, 2216640.6461031483, 1605021.7215405551, 1119305.402938871, 824735.564798335, 625135.703047934, 451410.7654933856, 344024.9331553618, 268625.3663845723, 197399.7226042671], 
[4543665503.120501, 3597118900.393611, 2580975035.1796646, 1787540888.7875648, 1299246809.8062997, 1019209103.8051656, 651015028.541042, 482597428.66343886, 318752567.9997319, 225951504.44985095, 164330544.9092864, 108458802.51559216, 73551669.82640754, 48963813.26738062, 36757030.026925035, 23805717.742065188, 15704788.248140698, 12300140.534922386, 8175930.537297688, 5735230.845284062, 3672394.1058629323, 2433022.4826702042, 1833468.5597160193, 1186093.3827010423, 950943.3375808058, 754811.8826085397, 558373.5215780663, 366067.88447356975, 293686.0756978497, 195753.16542832693], 
[3989448262.2738895, 3474035183.9832964, 2567577864.6816826, 1732347436.2085793, 1152305809.0971491, 777035146.427102, 574431288.5995188, 349758038.3492484, 264447001.55194983, 181257379.11354384, 126673856.10305026, 97873512.19861065, 57917440.79014062, 40501982.677857384, 31310113.653919786, 19025830.914597914, 14928323.011705698, 10185224.694257315, 6941208.627880016, 4676372.951265003, 3237752.362962986, 2490638.335977567, 1744929.3598481612, 1298484.199691091, 1025669.4312782849, 741445.320901508, 504908.1768561367, 344214.3582885347, 247261.49169145068, 188271.3304477503], 
[3998963344.537221, 3520212938.309786, 2409303746.843319, 1811566031.362342, 1196412500.5503576, 842177203.893395, 573836246.7931072, 450646606.55843246, 321858561.7157438, 203381727.0548934, 136160052.0658711, 82337243.4716361, 62786165.14585084, 41004657.11517684, 30543007.765882015, 20219788.84267651, 14235571.597341113, 10033518.616310125, 7209106.816690989, 5371108.747728666, 3242366.203195638, 2343138.416810424, 1483799.4665042371, 1305744.703288047, 948265.4699249171, 638524.5300360587, 513107.3269471899, 333116.53911308554, 265001.76170226163, 207497.14975081125], 
[4394876251.529665, 3168850205.879677, 2687178025.114611, 2017534051.310992, 1336347272.5029728, 933281545.5471509, 649659266.3099633, 443501270.88087183, 340350523.2400527, 210572709.86137813, 159373085.05602732, 114778095.48621525, 81789016.58032827, 52005262.54496563, 40238919.3073941, 28390184.579368547, 18111686.12729861, 12492184.408378221, 8454059.354839744, 5629768.918302464, 4230809.477607435, 3103620.1036363896, 2099854.1845982135, 1506503.966050095, 1117796.9820047, 666384.9748950409, 518795.1934950162, 320951.6906502029, 262413.12293344707, 185127.87669903063], 
[4594396482.205782, 3454168182.438703, 2383193074.800346, 1757499249.5194077, 1217377445.283513, 914421026.5153011, 650150832.7672318, 448500029.5997407, 308104996.2461955, 238489736.95460916, 164902652.43153533, 110900824.85270816, 68320105.94015509, 48316005.73676932, 34769409.26205317, 23645418.883029263, 17485628.611096933, 11664771.819602566, 7417228.768499898, 5746334.621242061, 3822143.240550322, 2782446.2750007263, 1907674.258165055, 1450657.5528368333, 881546.0933297036, 807733.8732034412, 527742.7580595965, 408120.7301280658, 286689.1153658339, 225328.43313703834], 
[4424733408.906257, 3504582596.382808, 2648435067.072858, 1872498192.242748, 1396993357.4933662, 929841399.7033703, 684148340.4969442, 501299619.7313615, 365013819.14817625, 190032380.7583527, 161023465.68698752, 122502021.64886753, 81227113.37403543, 58441243.48606427, 42425051.70511684, 29002521.287265398, 20005721.711077113, 13581238.128553558, 8864304.83970754, 5954979.275406495, 4337116.056953288, 2872513.386024301, 2019780.3323094023, 1450557.4249358315, 1079348.4659786345, 788439.4863201797, 612201.0392745394, 441403.70700804016, 327548.3059001334, 249322.96994873107], 
[4021304386.170127, 3268300682.9038596, 2663726448.573387, 1797422884.8483255, 1303508895.2278597, 943710006.729366, 597440063.8493012, 341984432.7056532, 251379578.06415233, 174863858.5879882, 123304012.31900814, 82362803.60315266, 55384536.37128331, 41478235.221644744, 28559106.32979252, 19999339.262339648, 12447877.536448207, 8907622.799161548, 6988001.057367858, 4683580.983607712, 3163467.742743499, 2041054.8223476615, 1361100.9867145347, 1042120.501285083, 812538.3963885602, 556003.1688653836, 391597.75328105484, 276328.66947940044, 190323.42951184654, 174569.69295438658], 
[3898524066.9064703, 2887967712.3789253, 2285983182.493162, 1737896475.0621033, 1145523051.2914658, 819762422.5051745, 557522283.8793863, 414443601.3077059, 268456642.9361963, 174781828.07672995, 109392945.5377146, 79901540.14146952, 62364865.92376205, 34500421.13541592, 27538152.681851298, 18263410.847226303, 11983033.254623698, 8197588.402842698, 6003203.518122493, 3953949.2530601495, 2775743.549115999, 2289463.5703048985, 1459438.7258050824, 961880.6241144813, 686463.2040008685, 530087.6803324508, 345359.46429103095, 292407.3995487744, 237551.70851677845, 176918.0998230987], 
[3920547434.20617, 3359373336.1279736, 2812109546.6305933, 1772219050.3749003, 1191528234.3095837, 896002232.9915661, 651886347.6972762, 410125062.0768088, 292971778.59053165, 215959796.2570534, 139015907.44934213, 88886904.33055218, 66101900.989441924, 45653661.24784929, 26655236.791136775, 18144369.834224366, 13991327.210477844, 9058503.25910708, 6541998.644557029, 4366839.538774471, 3253292.8630651673, 2219990.6579831596, 1576068.5174208959, 1119037.3633619726, 825970.4674378816, 543902.2477261146, 443328.7717920815, 268569.3909554404, 232213.00629212742, 177951.9452587073], 
[4516330024.496258, 3862093632.6134005, 2720798529.7809854, 2009985625.56108, 1316052188.3141243, 1039254578.7608423, 648850881.6510084, 472966137.6452127, 301546692.00835705, 180482923.98609552, 154252068.31250787, 102383057.71728131, 60568710.65420845, 46821856.60460049, 34557278.68779714, 20344251.357101694, 16598964.661995858, 13161493.625504723, 8562108.740558395, 5563661.1380091645, 4383320.058671474, 3123228.915530454, 2062981.1345526213, 1629159.3832978432, 1135282.4856500642, 841109.6520515382, 586847.8859973947, 440289.9373852064, 298648.87412080396, 226798.20554167044], 
[4261069444.211131, 3437238757.8955684, 2542030661.399766, 2044340570.351452, 1220037719.0743032, 921066835.9279166, 612299072.3576305, 470346737.3441022, 331289360.03378725, 224225615.95801073, 147307846.32975736, 103447447.09876733, 72022286.88020028, 49170101.6211493, 35657874.659175485, 26062648.770552758, 18494596.29164964, 14394274.315779468, 9352470.382638255, 7445648.444875301, 5045596.901679426, 3515233.3341155266, 2686616.645359253, 1959038.6187635374, 1455114.7216463592, 1127986.0128093616, 823352.5427910122, 567516.2267936511, 447303.9735870659, 308221.83368880907], 
[4431254855.5168915, 3526997352.840398, 2516393557.1976166, 1938745060.5718098, 1417636372.0641708, 985965307.1036685, 702185948.1306087, 473666484.68908226, 336745496.80387646, 228897116.43419376, 177309180.79733714, 113694776.14767516, 84789330.57474959, 60644376.32741769, 40048532.78535202, 29098001.05520233, 19689430.546529166, 13902503.403960694, 9676710.081953134, 6640858.346862135, 4817537.565777553, 3845688.8012288944, 2622235.133249821, 2005233.3678432333, 1346369.8064626248, 1066476.9478142734, 707860.2277287515, 578699.4056823791, 406875.4770032914, 297776.6903038188], 
[4345706967.912016, 3349915473.988288, 2438443396.138546, 1782565169.0003967, 1235881888.9342704, 867962729.4723725, 647103361.7995621, 446476502.00567126, 321114272.0473173, 215041244.57167655, 146761443.36563554, 109465011.60954829, 79299864.21031226, 53322380.95123039, 37585058.34049904, 26621808.395791225, 18372428.072938867, 12671163.178118942, 8560641.151261711, 6265468.406755883, 3839263.9301483748, 2657533.928068601, 2095776.0144560987, 1535786.3418997657, 1015118.5016865741, 791515.8250289403, 533132.9194459541, 367261.391026704, 273212.6618508383, 219766.40488213947], 
