[1099396.475301261, 1063913.1639869742, 985055.0887198985, 853436.9238981121, 743991.7127958089, 647334.6864674368, 493591.3147643731, 493591.3147643731, 404683.71103894484, 346757.4079969126, 304958.2858667614, 250419.8867436756, 198692.56390759206, 179350.76956453826, 150366.98659958958, 123244.62311517258, 108610.82333637732, 91168.490397952, 77759.48562152294, 64916.67801792512, 57897.240713302905, 46407.92621850388, 41728.594129846446, 34856.660708540236, 29135.038257975553, 23361.248853439545, 19438.034502138005, 16978.47609198062, 14591.696038995953, 13123.943955024448], 
[1128875.4762917447, 1070552.4217012613, 950863.0796517952, 872631.5334561863, 814089.7517726364, 648581.2749236095, 584488.1360941075, 474115.95078543766, 434051.46744925156, 366612.845720102, 314374.41852679435, 273407.0697881747, 244022.7046882717, 206179.62838191033, 179397.63435650963, 154199.16757746943, 125919.31983119859, 109986.33370856044, 95229.53194402339, 75614.75200737389, 67969.98841727272, 58647.16336211936, 48914.65721707904, 40762.324395178046, 36896.212032640135, 31207.281311343577, 26740.421697285205, 21903.894152593217, 17626.850477426047, 15245.54435197842], 
[1141871.5718171892, 1061288.5542271172, 978951.9111742849, 841204.3072627634, 787019.9151404651, 643156.1753055188, 605801.7631636673, 464855.32336599944, 424717.1649732638, 340776.67336561537, 311957.72793899185, 256049.2130775982, 209767.54033361736, 177282.15402237687, 157438.3574549888, 132815.1693324033, 113094.41689638549, 95423.99508359862, 81250.23735577935, 69320.81239642271, 57586.29906418751, 49729.46169049558, 41539.45486189189, 37351.113865475745, 30242.47764573038, 26619.156615000622, 22171.95028383989, 17789.868875305856, 15641.51604428873, 13731.700355407422], 
[1212740.3692241358, 1115014.2064027325, 995640.7927422236, 906088.936791579, 816078.9671825184, 717359.7487974177, 623588.0355229891, 520430.14938925987, 472868.3714397396, 354654.9050800382, 320305.81637644535, 270219.44649471156, 225120.24461765707, 202914.44209392442, 173137.64769362408, 157211.99002701187, 131400.706792193, 115365.93358123975, 103419.89842428933, 82887.94118066016, 70640.22067154874, 58075.723558087615, 52257.42364736409, 43112.81949453202, 36092.460222909605, 29641.535344665357, 25724.97617994758, 21454.023558844216, 18989.785888713766, 15132.860794356542], 
[1187521.0670846277, 1113883.113676527, 952522.6135800949, 877624.1827941611, 805966.6965102315, 645232.1335433159, 590491.2486368392, 517530.00125780783, 426012.51601741073, 353327.89897555555, 313308.25577983126, 272050.40840814606, 238854.68918757275, 193090.69681725735, 174936.50444976258, 147546.39172466777, 125529.41968404605, 105879.9045902901, 94511.7713818947, 75825.80441018438, 65625.99698419713, 51150.64485150073, 46452.68390865551, 38890.76103694277, 34323.51159972172, 28083.57605488772, 25312.2271571998, 21826.749433727386, 17864.483102651924, 15864.2464589006], 
[1196474.2353551919, 1068876.678142106, 1009040.5201531897, 884471.641860198, 786337.5757144208, 675332.8278192318, 621450.2390672518, 499981.72294214537, 437697.7588118792, 333887.13039878424, 300444.06159745547, 259885.62069158332, 224545.09503173037, 191188.69116290618, 165722.06300499407, 141886.03693212976, 123282.75777556654, 102173.35009914255, 87797.89398591696, 76065.8013189327, 61833.41126754751, 54101.20387856446, 40339.46856903314, 38460.14721262466, 32245.109147082585, 26476.51318415514, 22248.979405385846, 18441.469479213258, 17076.743760771147, 13940.108142071122], 
[1146836.6528872524, 1041523.8480611929, 986081.4973337608, 867014.0237020678, 757816.9383518334, 685990.1740028292, 576748.3906388689, 517111.16365261446, 427713.84359279723, 370375.38957977947, 310645.7619731679, 253561.0058962041, 221444.08376354486, 189798.27539031958, 162204.23652374462, 148613.6048473976, 119103.34837905758, 95840.34763432901, 82673.98710107924, 75088.42827552042, 62775.59504113729, 52843.96325942451, 42905.92840318336, 37867.04495098549, 30151.074912649212, 26426.451995289714, 23398.247657544165, 18938.75085407693, 16412.467731424636, 13682.652698628088], 
[1155417.3813154753, 1091799.0081998098, 986615.5331315915, 886113.9390677569, 784920.7952893527, 649377.4239931213, 584875.5735992523, 488249.8081429093, 427808.34821357584, 352640.9041066561, 294981.85513447114, 266870.28246285056, 229107.55485804687, 190404.94964376462, 169329.987489411, 134951.572609053, 119505.47294366529, 97379.06673254185, 86615.83705477799, 72927.57407567654, 62012.47791170457, 54180.26100659243, 41302.92750592005, 35116.15909567662, 31007.389941189027, 26096.000347251946, 21751.533509858655, 18831.424202606275, 15163.67134135019, 12239.80228917381], 
[1203037.5907924897, 1123442.3400208957, 992589.9634088727, 904197.3470461888, 823758.0360712573, 684478.1824454523, 583817.8975688228, 498701.6238699741, 441917.0936471636, 376168.15527369303, 308688.27577088564, 258796.12485403672, 226442.74061809457, 197571.32416121644, 156894.78625019995, 135329.0742531888, 124902.85230499583, 104477.81814772465, 89833.27102606694, 75805.82059301902, 64656.65171017288, 53121.89426060785, 42335.47952717463, 37814.71185545761, 34075.17125250729, 28244.53355784188, 23644.7162192006, 20606.122321260184, 17603.70518799085, 14978.906865070088], 
[1127887.7853402616, 1100805.8336974555, 987365.9468544599, 855921.1836202043, 718275.4870459696, 656773.765756752, 577627.9035782622, 466683.6680509237, 402434.3250065271, 334877.21837439225, 264622.67989771394, 239025.8252608758, 189704.28143016284, 184011.13440258233, 145718.95602909816, 118334.67253670322, 105997.13076597019, 84193.5541591288, 72803.08552608258, 61547.59276341338, 49657.39908480802, 42430.13204427441, 37016.627810918275, 30122.459739949154, 25540.7410353097, 23062.274339596013, 18265.77824694902, 16196.540443777078, 12561.004548019542, 11768.152630240837], 
[1178057.074831122, 1098113.6670006795, 1020802.3348385401, 892313.2373627898, 764396.6121950744, 687484.5902327972, 604887.4081570798, 512080.2609172225, 440406.2978423558, 367801.11396274203, 318800.38027353946, 272611.1408657709, 222413.71222760688, 196699.9678472073, 168552.66193763964, 142219.34020233885, 119639.9476632576, 108331.96668533441, 89795.83321478152, 75285.39778804741, 63731.18286246575, 56503.653498304346, 47343.040697618344, 40419.76113939297, 34220.66666631955, 27374.894812730076, 23822.735886498744, 20491.67653057126, 17734.351061023553, 14851.52008826585], 
[1188970.0370200227, 1070528.7151229586, 969244.7687508151, 836996.3604400799, 765967.7408547923, 645329.3758833648, 613182.2883361791, 529930.8179178218, 431533.01020740776, 363666.15627971047, 310481.3278413767, 270067.74731658434, 236479.05972931685, 186965.85102138115, 166970.73975740589, 144227.86323435788, 118234.08486018449, 100886.04098706003, 89157.56523845228, 78022.67220740506, 63099.09029029978, 51478.630467240364, 45911.672418562695, 38892.27645326102, 34704.27772908838, 28517.678566847902, 24964.813897324857, 20733.313656917253, 18262.231699109983, 15362.110698122475], 
[1173727.9748703884, 1037999.4182487663, 970714.5281764686, 840840.3056983901, 749157.799563715, 654665.4928086462, 578902.7214137269, 514821.40013417683, 435831.4705896698, 367572.07179076044, 301924.1504846753, 257182.71779784828, 222190.16294503352, 182139.10803694226, 161407.36955673646, 137731.3918320163, 110974.5592010161, 98952.18313288051, 84608.5895624679, 71756.3792266531, 60511.695879823164, 49973.38871124404, 42386.47945837735, 35487.05007010395, 32552.25233861152, 28086.903683939825, 23703.485025169368, 19932.24769243429, 16813.729672486657, 13489.43910765301], 
[1139563.5514957416, 1095155.014181657, 997852.0612350698, 911320.29029199, 816117.347754818, 697492.5412927724, 613700.3663561218, 493124.2431365595, 424044.29834910214, 368314.0866331025, 316289.50322218344, 260333.46629820476, 227168.9986071621, 195101.7948403851, 161293.85948627646, 129432.31812564732, 115130.84959903115, 99031.03565285205, 87620.79089245145, 72666.11436826893, 63707.9420153571, 53485.73330358808, 45931.108831719364, 39446.27555089798, 34172.49188492274, 28353.029767615262, 25944.818525532428, 21137.833753062052, 18432.99656742602, 15068.337087384847], 
[1206805.6001706624, 1104924.9678271338, 936388.0990186738, 862441.7682546487, 782356.1342602419, 666146.8811320346, 528653.9746693111, 468195.4034775489, 388548.4915816354, 331706.68707741133, 289560.2221572486, 245499.74742189058, 200676.93946798466, 177354.87964946005, 152722.01461919816, 134031.70137564073, 111650.95178606753, 90798.73481001734, 84382.41567583967, 70151.85700209589, 57253.59484424945, 49839.570858217325, 40890.15506622622, 36862.416110016035, 31095.721081750366, 25574.127105349206, 22867.99682313251, 19527.939995623034, 16119.608989590755, 12808.6211913418], 
[1196647.054744108, 1068464.9235753447, 982245.2961777674, 909283.6587842467, 823289.6837420727, 715022.9489906799, 597074.7582158055, 516062.9368139036, 471205.9508086982, 383043.7758162271, 316069.28289117815, 280558.08461840375, 198541.90580487286, 196620.30677622868, 163637.45927108676, 130865.2913299645, 116399.74384303989, 101234.52798198469, 86177.45338886602, 76907.41370463309, 64073.417819087714, 55724.90783988385, 47104.58771830116, 40415.61704991504, 33407.381470896566, 28459.55156006956, 23645.55307827341, 19242.041208065602, 16077.001264551378, 14044.187691391855], 
[1180599.9521556217, 1093026.4158719575, 969297.8114327424, 865906.4752523495, 768393.5908392303, 651125.3525933707, 557601.676923311, 500256.3383126865, 393607.48877396114, 337586.63961161475, 286762.12814923143, 249761.90577606912, 212603.3574011598, 179807.55866938885, 155927.65981679677, 130456.37424914844, 108435.01146506204, 92915.59287393304, 82888.60627317315, 72110.62898455038, 62794.27674351885, 53269.91613128947, 47281.86917676964, 36391.839589886404, 33598.96313867325, 29239.410703792193, 24531.885500770968, 20198.08115943463, 16890.460694966456, 14488.311277666766], 
[1125426.7870126697, 1045672.5824994362, 953638.435497577, 865358.6923508053, 792670.2371359289, 678815.1241162966, 554893.8970971726, 480348.73634474096, 411723.07741097134, 375144.8125417662, 301257.3956186725, 268321.01369183377, 217904.7477427044, 193003.00233098463, 160376.1371569501, 137791.81736689518, 113176.57531642923, 96042.78685339469, 81365.41760056418, 70560.99813403435, 60788.61008956209, 48308.62722144472, 39026.39817601497, 34699.12569730442, 29952.515795577932, 24276.38221838519, 20827.751478695718, 17051.695884529414, 15256.648669732942, 13382.285967224143], 
[1159229.8797160701, 1061825.6992035538, 971693.1290123642, 855280.915715804, 762572.0205448536, 703198.5448926548, 606606.1743851368, 534501.3296675185, 456115.8798365508, 398776.83333691146, 337730.66759622074, 285436.446153626, 244490.42814865985, 221463.19906499365, 179949.36209496803, 145655.59949215758, 127896.34450450209, 110936.99974449651, 89336.87766189562, 84968.81234119149, 67395.14834094203, 59542.130999941146, 50183.65277374667, 44918.77425191511, 40568.46337517028, 32130.49364708413, 26008.496989576215, 24112.02427921867, 20721.79937723154, 17494.69608745866], 
[1190310.1088032345, 1075831.807348062, 999554.0145895137, 819175.1687996606, 765002.7510012465, 710725.829550299, 600234.0155823029, 524513.1159075303, 429825.8723659549, 371773.1589768551, 314427.17727028177, 259896.6286439614, 209390.36307127003, 189338.3112781199, 156660.83826446804, 132856.698790139, 113723.90783288777, 94545.49152028616, 73302.67182258773, 64973.40973943791, 57464.02573360356, 48296.01406879713, 39721.13523486101, 36379.36451831613, 31585.65837570629, 24051.283006721023, 21790.933901739245, 19342.168049878208, 16371.643870930275, 14229.68994942493], 
[1150872.2374845028, 1045796.2385579937, 956927.4494756628, 823208.9706750682, 742721.7072581466, 640744.6227317797, 571292.0558694669, 480699.24777274573, 408997.6102234376, 343149.6901946809, 289947.3614222382, 255344.53296914886, 217733.87540685938, 195854.65991667222, 149488.7402667742, 131209.07411455654, 111673.14800073797, 98523.1848100973, 86928.79220073037, 74572.12851225215, 60641.36576009115, 49697.94258892757, 42998.36360420094, 37859.43528711722, 31977.05505921408, 26223.96625877302, 21970.919185273513, 19478.747554459285, 16880.761192381146, 13809.5875729694], 
[1148700.333172087, 1093292.1851680856, 1015388.1968641316, 943729.0173848788, 817551.7766413621, 713141.0710869506, 638735.0653899283, 517336.9534563231, 452251.69090009824, 382493.00239839987, 309741.5095144816, 277799.0932746626, 223035.79844958097, 179418.49395395012, 165391.11198792665, 135967.31893405985, 126323.14446450348, 105228.88074474371, 82157.10240612506, 74735.57785135908, 62440.661465967525, 50187.41834427225, 42167.42234005906, 38478.7355844898, 31812.71568814486, 26838.037296545837, 22249.99978626719, 20828.520767768823, 17451.635906133182, 14519.157080258974], 
[1200112.6474851926, 1093735.3345911046, 994552.0137326805, 889907.9164725892, 785042.9143618552, 669706.0598115878, 595962.6645018726, 506808.38241719524, 414257.95424191497, 345024.7415837351, 301307.7406744538, 255070.20013397545, 213902.4175158835, 191157.00484894213, 149964.1941808395, 136750.45289447965, 114191.5757648769, 102614.67124758131, 85421.6660183751, 72969.40305241497, 60382.205712732364, 54655.8897952326, 46112.786481211806, 37825.85634084367, 31845.785518255154, 28052.84933521394, 23308.090281315915, 18289.499627222638, 16847.39270395284, 13768.297576213414], 
[1175372.519687515, 1113546.6317183727, 995856.537972289, 860822.9241468086, 741237.1221053409, 674650.5084266157, 624729.5697553816, 513696.77481695334, 465040.7368855521, 383352.85290487524, 342895.8852379907, 282759.1357474546, 244561.69069129496, 213940.570326411, 172683.92549579882, 148182.66973612586, 123889.65050339176, 105312.96479182548, 91634.34802077046, 73863.15652290273, 64083.38555007702, 54075.24813264345, 45414.24050130792, 39077.668474807506, 32443.942414048062, 28658.10656506711, 22354.529484048897, 19716.16979451502, 16577.200851714595, 14515.605336238652],
[1136811.9142729454, 1040319.5064132267, 973188.1649135693, 877033.7134932352, 726105.6805989451, 678230.3480435921, 572986.320890128, 514384.0927258419, 419193.49644394853, 357962.5641561823, 305840.537332799, 268772.26867942634, 221498.3256607009, 207664.72235249568, 171498.87268071983, 135831.57543616786, 112163.08583785391, 104524.5947097668, 91525.7947235378, 77793.8019151721, 64171.32683278852, 55592.62072578666, 44927.492683303346, 39163.30446101342, 34352.80391371912, 29846.993398613806, 24909.811791855795, 21455.871906044045, 18329.541846793833, 14682.862430842199], 
