[20.923426231344504, 20.71460403797358, 20.71460403797358, 20.701823636105168, 20.701823636105168, 20.701823636105168, 20.701823636105168, 20.701823636105168, 20.701823636105168, 20.701823636105168, 20.701823636105168, 20.701823636105168, 20.701823636105168, 20.701823636105168, 20.701823636105168, 20.701823636105168, 20.701823636105168, 20.701823636105168, 20.701823636105168, 20.701823636105168, 20.701823636105168, 20.701823636105168, 20.701823636105168, 20.635958304409314, 20.635958304409314, 20.635958304409314, 20.635958304409314, 20.635958304409314, 20.635958304409314], 
[20.709296147440618, 20.709296147440618, 20.709296147440618, 20.709296147440618, 20.709296147440618, 20.709296147440618, 20.709296147440618, 20.709296147440618, 20.709296147440618, 20.709296147440618, 20.693117055342494, 20.693117055342494, 20.693117055342494, 20.693117055342494, 20.693117055342494, 20.693117055342494, 20.693117055342494, 20.693117055342494, 20.693117055342494, 20.693117055342494, 20.693117055342494, 20.693117055342494, 20.693117055342494, 20.693117055342494, 20.693117055342494, 20.693117055342494, 20.693117055342494, 20.693117055342494, 20.693117055342494], 
[20.57458253732597, 20.57458253732597, 20.57458253732597, 20.57458253732597, 20.57458253732597, 20.57458253732597, 20.57458253732597, 20.57458253732597, 20.57458253732597, 20.57458253732597, 20.57458253732597, 20.57458253732597, 20.57458253732597, 20.57458253732597, 20.57458253732597, 20.57458253732597, 20.57458253732597, 20.57458253732597, 20.57458253732597, 20.57458253732597, 20.57458253732597, 20.57458253732597, 20.57458253732597, 20.57458253732597, 20.57458253732597, 20.57458253732597, 20.57458253732597, 20.57458253732597, 20.57458253732597], 
[20.770201106894067, 20.721249047024884, 20.721249047024884, 20.696578980791802, 20.696578980791802, 20.696578980791802, 20.696578980791802, 20.696578980791802, 20.696578980791802, 20.695987990279708, 20.695987990279708, 20.695987990279708, 20.695987990279708, 20.695987990279708, 20.695987990279708, 20.65235827353753, 20.65235827353753, 20.65235827353753, 20.65235827353753, 20.65235827353753, 20.65235827353753, 20.65235827353753, 20.65235827353753, 20.65235827353753, 20.65235827353753, 20.65235827353753, 20.65235827353753, 20.65235827353753, 20.65235827353753], 
[20.87456411446464, 20.81924219941178, 20.81924219941178, 20.81924219941178, 20.729707060359697, 20.729707060359697, 20.729707060359697, 20.729707060359697, 20.729707060359697, 20.707567387717656, 20.707567387717656, 20.707567387717656, 20.707567387717656, 20.632611659897577, 20.632611659897577, 20.632611659897577, 20.632611659897577, 20.632611659897577, 20.632611659897577, 20.632611659897577, 20.632611659897577, 20.632611659897577, 20.632611659897577, 20.632611659897577, 20.632611659897577, 20.632611659897577, 20.632611659897577, 20.632611659897577, 20.632611659897577], 
[20.63542958232552, 20.63542958232552, 20.63542958232552, 20.63542958232552, 20.63542958232552, 20.63542958232552, 20.63542958232552, 20.63542958232552, 20.63542958232552, 20.63542958232552, 20.63542958232552, 20.63542958232552, 20.63542958232552, 20.63542958232552, 20.63542958232552, 20.63542958232552, 20.63542958232552, 20.63542958232552, 20.63542958232552, 20.63542958232552, 20.63542958232552, 20.63542958232552, 20.63542958232552, 20.63542958232552, 20.63542958232552, 20.63542958232552, 20.63542958232552, 20.63542958232552, 20.63542958232552],
[20.7664081172822, 20.75456451365986, 20.69551144465807, 20.69551144465807, 20.69551144465807, 20.69551144465807, 20.69551144465807, 20.69551144465807, 20.69551144465807, 20.69551144465807, 20.69551144465807, 20.69551144465807, 20.69551144465807, 20.69551144465807, 20.69551144465807, 20.69551144465807, 20.69551144465807, 20.69551144465807, 20.69551144465807, 20.69551144465807, 20.69551144465807, 20.69551144465807, 20.69551144465807, 20.69551144465807, 20.69551144465807, 20.69551144465807, 20.67772801440508, 20.67772801440508, 20.67772801440508],
[20.74399481862586, 20.74399481862586, 20.74399481862586, 20.74399481862586, 20.74399481862586, 20.74399481862586, 20.74399481862586, 20.74399481862586, 20.74399481862586, 20.675853730264432, 20.675853730264432, 20.62716197285132, 20.62716197285132, 20.62716197285132, 20.58617018455782, 20.58617018455782, 20.58617018455782, 20.58617018455782, 20.58617018455782, 20.58617018455782, 20.58617018455782, 20.58617018455782, 20.58617018455782, 20.58617018455782, 20.58617018455782, 20.58617018455782, 20.58617018455782, 20.58617018455782, 20.58617018455782],
[20.842206343205703, 20.78196277020688, 20.78196277020688, 20.75587582807165, 20.75587582807165, 20.75587582807165, 20.732654318731782, 20.732654318731782, 20.732654318731782, 20.732654318731782, 20.732654318731782, 20.732654318731782, 20.732654318731782, 20.732654318731782, 20.732654318731782, 20.732654318731782, 20.732654318731782, 20.732654318731782, 20.732654318731782, 20.732654318731782, 20.732654318731782, 20.70514599557172, 20.70514599557172, 20.70514599557172, 20.70514599557172, 20.70514599557172, 20.70514599557172, 20.70514599557172, 20.70514599557172],
[20.860838271799604, 20.739198442166384, 20.739198442166384, 20.739198442166384, 20.739198442166384, 20.739198442166384, 20.739198442166384, 20.739198442166384, 20.739198442166384, 20.739198442166384, 20.739198442166384, 20.739198442166384, 20.739198442166384, 20.739198442166384, 20.739198442166384, 20.739198442166384, 20.739198442166384, 20.739198442166384, 20.739198442166384, 20.739198442166384, 20.739198442166384, 20.739198442166384, 20.739198442166384, 20.739198442166384, 20.679613925584015, 20.679613925584015, 20.679613925584015, 20.679613925584015, 20.679613925584015],
[20.507204711844075, 20.507204711844075, 20.507204711844075, 20.507204711844075, 20.507204711844075, 20.507204711844075, 20.507204711844075, 20.507204711844075, 20.507204711844075, 20.507204711844075, 20.507204711844075, 20.507204711844075, 20.507204711844075, 20.507204711844075, 20.507204711844075, 20.507204711844075, 20.507204711844075, 20.507204711844075, 20.507204711844075, 20.507204711844075, 20.507204711844075, 20.507204711844075, 20.507204711844075, 20.507204711844075, 20.507204711844075, 20.507204711844075, 20.507204711844075, 20.507204711844075, 20.507204711844075],
[20.807720552164774, 20.663303470328966, 20.663303470328966, 20.663303470328966, 20.663303470328966, 20.663303470328966, 20.663303470328966, 20.663303470328966, 20.663303470328966, 20.663303470328966, 20.663303470328966, 20.663303470328966, 20.663303470328966, 20.663303470328966, 20.663303470328966, 20.663303470328966, 20.663303470328966, 20.663303470328966, 20.663303470328966, 20.663303470328966, 20.663303470328966, 20.663303470328966, 20.663303470328966, 20.663303470328966, 20.663303470328966, 20.663303470328966, 20.663303470328966, 20.663303470328966, 20.663303470328966],
[20.665303625026244, 20.665303625026244, 20.665303625026244, 20.665303625026244, 20.665303625026244, 20.665303625026244, 20.665303625026244, 20.665303625026244, 20.665303625026244, 20.665303625026244, 20.665303625026244, 20.665303625026244, 20.665303625026244, 20.665303625026244, 20.665303625026244, 20.665303625026244, 20.665303625026244, 20.665303625026244, 20.665303625026244, 20.665303625026244, 20.665303625026244, 20.665303625026244, 20.665303625026244, 20.665303625026244, 20.665303625026244, 20.665303625026244, 20.665303625026244, 20.665303625026244, 20.665303625026244],
[20.800064004686988, 20.784245433353146, 20.784245433353146, 20.784245433353146, 20.784245433353146, 20.572503327321993, 20.572503327321993, 20.572503327321993, 20.572503327321993, 20.572503327321993, 20.572503327321993, 20.572503327321993, 20.572503327321993, 20.572503327321993, 20.572503327321993, 20.572503327321993, 20.572503327321993, 20.572503327321993, 20.572503327321993, 20.572503327321993, 20.572503327321993, 20.572503327321993, 20.572503327321993, 20.572503327321993, 20.572503327321993, 20.572503327321993, 20.572503327321993, 20.572503327321993, 20.572503327321993],
[20.76912559267134, 20.76912559267134, 20.76912559267134, 20.76912559267134, 20.76912559267134, 20.76912559267134, 20.63202274325233, 20.63202274325233, 20.63202274325233, 20.63202274325233, 20.63202274325233, 20.63202274325233, 20.63202274325233, 20.63202274325233, 20.63202274325233, 20.63202274325233, 20.63202274325233, 20.63202274325233, 20.63202274325233, 20.63202274325233, 20.63202274325233, 20.63202274325233, 20.63202274325233, 20.63202274325233, 20.63202274325233, 20.63202274325233, 20.63202274325233, 20.63202274325233, 20.63202274325233],
[20.594658620045518, 20.594658620045518, 20.594658620045518, 20.594658620045518, 20.594658620045518, 20.594658620045518, 20.594658620045518, 20.594658620045518, 20.594658620045518, 20.594658620045518, 20.594658620045518, 20.594658620045518, 20.594658620045518, 20.594658620045518, 20.594658620045518, 20.594658620045518, 20.594658620045518, 20.594658620045518, 20.594658620045518, 20.594658620045518, 20.594658620045518, 20.594658620045518, 20.594658620045518, 20.594658620045518, 20.594658620045518, 20.594658620045518, 20.594658620045518, 20.594658620045518, 20.594658620045518],
[20.76171611615076, 20.681775382303, 20.681775382303, 20.681775382303, 20.681775382303, 20.681775382303, 20.681775382303, 20.681775382303, 20.681775382303, 20.681775382303, 20.681775382303, 20.681775382303, 20.681775382303, 20.681775382303, 20.681775382303, 20.681775382303, 20.681775382303, 20.681775382303, 20.681775382303, 20.681775382303, 20.681775382303, 20.681775382303, 20.681775382303, 20.681775382303, 20.681775382303, 20.681775382303, 20.681775382303, 20.681775382303, 20.681775382303],
