[472260924.371577, 313030851.4004568, 212257461.52049387, 177965383.70345342, 121018917.05050536, 93707055.00403166, 61768990.034693, 46822878.13721304, 32474268.542035807, 23054235.63353738, 16012977.428324062, 11164790.884510916, 7935336.878119868, 5127510.058419623, 3588350.3789039217, 2409200.270180876, 1729348.9085371196, 1233809.467888793, 791690.3322933813, 573687.6207942456, 469040.1267430466, 327475.9045384597, 244111.11019546544, 174246.89092654243, 135005.11190862645, 101617.69456013976, 76903.49126928346, 60592.40457682591, 49924.562681969575], 
[492932749.55802476, 306133867.9822479, 232515189.70121744, 173930478.05010954, 110203720.6088122, 71271251.54521196, 59381167.96948667, 41978423.343079604, 27755869.874500167, 21616307.379859168, 15604621.023030834, 10811900.495254895, 7321610.281957127, 4546743.001659322, 3497154.971309158, 2133668.020169258, 1780831.8121218237, 1240197.683457761, 879356.0742471715, 585419.5499939156, 423521.332219747, 291568.8364355383, 214310.19424302358, 167589.50095816216, 127675.83472669504, 93019.11362441737, 66780.23966579081, 54810.735563844144, 42292.51001380437], 
[464741596.89818525, 321622718.4989556, 223561766.6836257, 155938582.10522693, 116939742.34491754, 75953981.39846553, 52207164.2108269, 35266323.614140294, 23073377.98434105, 15785670.027481817, 10932560.025518144, 7785085.9433832, 5265935.18910494, 3819121.119755766, 2258786.0846816134, 1613183.197578775, 1265095.443878058, 917542.5316407396, 674124.537193733, 530275.0780394683, 359485.4257540453, 259360.31176262902, 186589.60774597418, 148029.21433937058, 112949.03234169458, 85220.1831165994, 63411.68346703167, 49205.92935161478, 35788.048718425795], 
[453660079.2132626, 327176455.11704224, 231709029.34482646, 162104721.78165007, 112955414.21315852, 76172194.4637244, 53728175.82624545, 31593179.091170706, 22137775.81253285, 14118158.802410362, 8935791.260869654, 7298921.584722699, 5110954.5593196675, 3490849.804965571, 2465654.953907322, 1938894.1628637179, 1375465.5026485403, 979119.258018883, 804037.7702496207, 490526.934623656, 375293.7632095202, 295391.8237625071, 192903.65248412336, 154018.93195420786, 124644.6000168189, 87752.28730016242, 67093.76115719917, 48710.280022124105, 38699.92939952744], 
[400826124.9812446, 318451767.92249495, 242390796.61535984, 168879741.15918294, 119681855.07577561, 82456255.66502453, 60500495.40111124, 36576040.02438644, 25594373.622077208, 19908165.326315213, 13932048.45705328, 8761792.246020915, 6752616.9617529735, 4442146.857005044, 3037166.9543572045, 2111525.4776585125, 1400097.3147864484, 1023779.5637437601, 645831.3906955898, 534285.532576984, 339317.56408109044, 289734.29625303723, 200425.6727891845, 155392.8069769693, 120668.01547537063, 84302.22021730816, 69216.05536541856, 53181.54800372793, 44566.161227603756], 
[454527863.4202047, 348206994.9126144, 263091106.55267322, 176297618.3219148, 126547192.48180132, 89831664.6016763, 65171230.66485478, 34130688.61659089, 27851223.611100644, 18651137.89915956, 13520273.535090717, 9192789.310279423, 5815141.039348233, 4142582.664963674, 2913815.152462604, 2124460.0754635953, 1498192.525360217, 1032144.9540833436, 818990.847545428, 497008.03957911534, 429493.5662154525, 274257.8782794224, 220346.68218242837, 144914.14172281936, 114706.18364699156, 87433.16972878728, 63006.18643689836, 50826.62758910354, 40425.93473932887],
[456780227.21038526, 325912108.6263882, 220839483.6531834, 170221990.25645894, 105365446.1504503, 73460946.05770174, 54281380.39021133, 41332895.47755603, 28495052.587769754, 20601254.278605267, 14323349.183101552, 9099630.39303672, 5932230.389873415, 4289988.187431691, 2998221.684452641, 2120034.900306077, 1448934.457769492, 1020274.6857172502, 745788.2225353477, 506420.38661624055, 403192.1713092059, 287178.59515088453, 188560.64083818492, 151275.21683072625, 101511.41437875456, 76643.06725495482, 54625.54067350723, 47739.69495056703, 38825.07413632563],
[481248813.73794734, 379443382.39193827, 247088027.81309786, 171997447.59620333, 133967182.836934, 95489240.72140354, 61628234.04468867, 46952827.48165123, 31836595.007850155, 20944456.464168683, 13538759.564552534, 8662602.27394674, 6676887.72899348, 4483458.229249196, 2554362.3272087206, 2010794.88106479, 1487754.6702679945, 1018137.1820214121, 734718.3544995931, 550824.0667348057, 407219.93526022724, 268519.1714489402, 181303.77713489652, 147517.56680736673, 111824.08531649201, 76901.45062111877, 70589.30650426364, 53664.92227196266, 40853.215348265105],
[511648927.1771773, 335697844.9003221, 242010077.42350414, 167641446.00011036, 115506232.79438637, 78712009.08928044, 64489973.52756825, 44947140.73650678, 29941163.995213225, 21494727.06120208, 15836156.812548205, 10774596.317161044, 7415872.028111723, 5115636.513317372, 3801675.8596768463, 2379897.4518013266, 1903968.96393535, 1336235.0757812844, 973614.4662384235, 666094.1657347941, 493202.82918784086, 392818.544419557, 262646.062764496, 192621.0246073368, 150385.78687262165, 108326.86453055442, 78897.23365219087, 59137.75727318296, 45131.73060088916], 
[464068181.50959665, 346745885.02489656, 250142147.54011402, 181756529.42999673, 110735521.52324358, 72946199.47365639, 47467723.82553193, 38554051.99397161, 27320199.54190955, 19693205.34579432, 13530065.876041276, 9606445.153964506, 6465887.379303254, 4106037.897808636, 3006056.1907521933, 2088473.3440187443, 1555948.5503097484, 1060682.1369413754, 764114.3542522006, 559054.0042330148, 398356.00914250314, 311053.84972496657, 203668.39571219997, 176904.6782627724, 123449.67990445017, 97545.00053809476, 78742.23086488347, 61247.591660993436, 46483.11645912698], 
[475355285.6567689, 339929763.66826373, 201629359.51563194, 156579201.7548722, 115732872.8905975, 73394329.38721901, 52262811.3493321, 34028075.71400991, 25520543.852605745, 16302374.649545165, 10661795.502532009, 7877922.083084746, 5852251.601163031, 3798912.3143779454, 2848716.222786916, 1848132.5819264299, 1391961.7810337117, 971525.7115199047, 690628.955126138, 505042.5702112135, 380520.73201561725, 256294.29380301718, 192461.51045339447, 159060.9230457268, 130011.36469099767, 94056.69256089123, 73701.60954526701, 58355.24355907506, 44518.01495496489], 
[479551666.6874311, 377556745.6839691, 254727667.60464808, 164798327.34875122, 106298982.23382527, 74293279.31374744, 56167915.79237252, 42734489.51251794, 27950541.129315253, 20320440.681937344, 13812027.776852556, 10487150.682136552, 7391083.782472312, 4573500.742076918, 3600477.625487311, 2243745.9459918044, 1507832.478063352, 1138257.6585125097, 778268.3960436729, 522223.43802951317, 404609.61942301184, 295350.98506016383, 194847.54478948488, 136405.53383528817, 115394.56570837133, 90019.06143828282, 69206.5104186988, 55398.61664859679, 38174.52955859837], 
[444012584.59752715, 323064564.73987836, 216344371.77666792, 157867263.02441946, 109786926.67232515, 78745103.80620606, 53706247.74450828, 33540014.204230737, 23181619.308125943, 17194569.152006257, 11097724.57359273, 8335438.09413712, 5970522.62259912, 4016108.57137669, 2661836.904030488, 1970782.7983839486, 1441862.6593925583, 874686.3310248117, 709886.4335085499, 489969.6398151993, 375242.5681715444, 270159.4943171541, 184805.22676506478, 153163.45288322, 109440.2991703853, 79229.13559255067, 65338.60944877989, 51803.03818941208, 37387.61188830993], 
[464067076.1701202, 352566762.90513945, 232546388.5356029, 159905537.459571, 104873215.06209955, 82173596.2442253, 60989495.437562235, 39207171.56938762, 28201580.220314488, 20172761.230045967, 13103173.82700772, 9840557.847823143, 6665576.909207727, 5073823.737947052, 3263660.862181716, 2373915.864680444, 1754969.3621266792, 1210877.6255155928, 789081.5271566783, 618397.7207308407, 398632.4935905618, 285694.81889606535, 220623.73264204455, 155308.50077083227, 118553.16907670588, 85073.8726933639, 64656.15736559271, 45933.42825314018, 37852.25864039225], 
[483864319.621036, 340783848.77714604, 237454734.396254, 172851588.1977711, 117252570.37661847, 90018852.81896897, 60602536.05528865, 46362637.63564985, 28930380.96267464, 21504106.15630718, 14623252.018447608, 9487684.282067962, 6709163.632242047, 5369847.98778782, 3429081.2367906314, 2401802.782675177, 1742842.4172269593, 1190657.9446446348, 851734.4419378638, 592410.7591464442, 424463.3156884571, 246643.60032753917, 217873.70304403082, 168139.94075654238, 123519.6813965693, 87596.18504801484, 72383.36933468169, 49799.184293987106, 34791.06471366772], 
[494521641.0684304, 345669373.5423046, 234072992.55674475, 164878860.98346195, 115254635.7189787, 88099845.93327838, 57130993.574004725, 41039373.25944403, 27013670.630262382, 17039417.68716717, 11899725.91556812, 9292389.859726967, 6330576.3605003785, 4956743.475733424, 3190226.6055495287, 2499045.1791957812, 1529008.2404962857, 1108894.101267966, 758001.9989717121, 571682.0848732163, 418148.2614338195, 294786.9254892195, 206696.9208743767, 173930.97287583735, 120381.93474946215, 98494.96308725602, 76459.33261101383, 59386.9949055326, 46290.49744483924], 
[502226679.2836282, 382716228.4260571, 279478193.82762176, 193445742.91049254, 136575114.75886637, 91110813.7907952, 69809814.81823075, 47155999.11778303, 32540018.47865614, 21115052.88648978, 15058131.184127806, 9232754.590610784, 6402462.713307891, 4119571.5815387974, 2877457.514868743, 2285805.146940297, 1434570.6803444333, 1037478.9196055704, 592595.9810940509, 461888.8623486372, 300298.7552072347, 237559.43603255082, 168329.64470493773, 128976.76487091873, 98285.51814376362, 69306.4619336969, 59038.28895288272, 42177.491197927724, 34115.92111113618], 
[463589630.18186253, 295014013.7499953, 221949234.7247268, 150331599.9020955, 98871829.84828216, 75510395.11178301, 49943538.127610184, 35272280.68417821, 24146602.109185714, 15330902.88580226, 10421495.675833281, 7359695.737520158, 5499666.420629427, 3252748.2985344445, 2248340.6333493283, 1894756.2007630772, 1314292.2565727518, 907108.0544898807, 632813.7962229652, 497529.8563872642, 353606.6970572102, 245711.69184055206, 188695.2142638056, 144987.93256671814, 102092.26942932232, 72758.98445318441, 59570.40324029086, 47521.00904606486, 36263.11629540211], 
[481794172.13502264, 348926004.5446203, 235478928.61738274, 177518478.00400883, 125569162.92089172, 85766410.50685629, 56399725.98261899, 44357016.90613742, 28876191.5153424, 18532795.999552272, 13473409.917760732, 9807570.090806847, 5707700.516483927, 4083773.149175435, 2982651.0157638956, 1946989.0604335102, 1263772.9533906588, 977408.4370989046, 676262.692298288, 464777.7118762298, 335537.29900461156, 266836.9156126505, 172960.76401314107, 136800.91007951272, 98006.88986154638, 84197.34983050525, 62659.99745623813, 41469.00963335357, 35403.90776663881], 
[451489535.36589396, 318564965.71485174, 207600854.4975256, 165234062.34623367, 112885551.33183615, 75009770.8113888, 50293800.55409605, 35611318.36501094, 23898871.706739552, 16293789.026944583, 12291111.55368554, 9151197.51060701, 6168526.510197556, 4321271.280203525, 2968576.1763845286, 2370157.089116496, 1464380.4378311012, 1058830.2291452612, 729308.5923119687, 570055.3367256966, 400394.36481354106, 260494.1037891677, 207060.55636776425, 154834.1348032213, 119187.82716220294, 96047.4605407113, 72015.33754927467, 56526.07357553301, 45850.25204014938], 
[465472581.9613795, 348233147.91524047, 235319653.7830254, 174446748.50721994, 115215687.66931765, 80694513.08497478, 59904658.600287, 40212779.497513354, 25312837.447818857, 18025989.54941951, 11916514.743079636, 8696182.332482588, 6209776.2054763585, 4471356.062675756, 2891814.2364354446, 2172930.060708681, 1373193.2261476319, 1027310.6452841578, 751036.0241756693, 520700.1833594843, 412855.8603386922, 279790.0698886229, 203654.42960458391, 164841.87910322202, 124460.26488854786, 82409.59924390064, 62231.90752068172, 51838.8284027229, 41700.78936013165], 
[503730770.02550083, 383324829.9862461, 266384921.9004131, 161275306.98776716, 134819162.3487133, 89121637.59509471, 57479076.94504709, 45608098.163849354, 29035279.892688196, 19270637.787389755, 13837630.12954037, 9254173.360747792, 7543210.686463472, 5149268.407269552, 3748542.8596310015, 2431583.5780478218, 1708367.1689757814, 1087000.2806285543, 851902.0909019915, 581621.6484547067, 434495.7117651275, 298768.9333779222, 230372.9440926258, 165716.24760124076, 118454.33981031504, 91504.1067821306, 68028.535650926, 52189.8498207751, 40704.507452382866], 
[471694692.59165305, 288034058.53387094, 234311855.2378666, 161783892.41321826, 119739299.49803394, 85034985.29311404, 58174031.59448449, 39432478.86769495, 28685944.255048823, 17370527.537129045, 11878296.334345004, 9117571.250965513, 6588000.931818584, 4679848.708610822, 3177281.8835210134, 2169291.4537362806, 1484371.4643638032, 1007959.557559714, 704763.0234569365, 537138.4411198853, 381020.48061356146, 253056.25638094763, 187741.92701722754, 136921.02457039998, 110621.50023457155, 75764.88923284708, 64461.52627671198, 51631.758281778566, 39894.724303142044], 
[461613275.9436706, 329509849.9766919, 218180796.25511366, 162177692.79822958, 107829449.39813204, 82289977.7039366, 53664366.68597491, 38943416.417112604, 27053054.253432564, 20902875.930104278, 15371557.806682186, 9601740.0342587, 6931122.308759487, 4962938.629308625, 3316095.70358567, 2610030.1439490425, 1804694.8862191872, 1463252.7584733116, 967930.1228800255, 595638.8965547825, 419388.239849149, 308250.19338268123, 242205.82242680807, 142981.41713001172, 111369.09768072468, 78931.61676550575, 69565.26056548655, 58835.05586976312, 45737.045631601555],
[464067076.1701202, 352566762.90513945, 232546388.5356029, 159905537.459571, 104873215.06209955, 82173596.2442253, 60989495.437562235, 39207171.56938762, 28201580.220314488, 20172761.230045967, 13103173.82700772, 9840557.847823143, 6665576.909207727, 5073823.737947052, 3263660.862181716, 2373915.864680444, 1754969.3621266792, 1210877.6255155928, 789081.5271566783, 618397.7207308407, 398632.4935905618, 285694.81889606535, 220623.73264204455, 155308.50077083227, 118553.16907670588, 85073.8726933639, 64656.15736559271, 45933.42825314018, 37852.25864039225],
