[8350.825283957558, 8350.825283957558, 8196.315853687345, 8042.903716435711, 8039.399787854932, 8020.208582221405, 7939.217980069707, 7939.217980069707, 7745.3737423390685, 7733.7197191858095, 7714.752754196548, 7714.752754196548, 7524.163773456136, 7524.163773456136, 7524.163773456136, 7524.163773456136, 7524.163773456136, 7463.65818357091, 7463.65818357091, 7292.699291771111, 7292.699291771111, 7292.699291771111, 7292.699291771111, 7292.699291771111, 7292.699291771111, 7162.5838046382405, 7162.5838046382405, 7162.5838046382405, 7162.5838046382405], 
[8415.258688930555, 8415.201773573373, 8143.695486269963, 8037.7266175085715, 8037.7266175085715, 7667.531159766128, 7667.531159766128, 7667.531159766128, 7667.531159766128, 7667.531159766128, 7645.300855275466, 7645.300855275466, 7645.300855275466, 7645.300855275466, 7645.300855275466, 7645.300855275466, 7632.478176901181, 7563.138336463546, 7489.022837876525, 7489.022837876525, 7390.689845935808, 7390.689845935808, 7390.689845935808, 7390.689845935808, 7349.004839827626, 7349.004839827626, 7141.6686562194855, 7141.6686562194855, 7141.6686562194855], 
[8264.704307511109, 8127.182073249201, 8127.182073249201, 8127.182073249201, 8127.182073249201, 8084.286498911266, 8080.99489208436, 7903.5636891132635, 7903.5636891132635, 7849.0682378562415, 7849.0682378562415, 7849.0682378562415, 7849.0682378562415, 7802.091312311165, 7555.590710205038, 7555.590710205038, 7555.590710205038, 7318.198509248071, 7318.198509248071, 7318.198509248071, 7207.489034245137, 7207.489034245137, 7207.489034245137, 7207.489034245137, 7207.489034245137, 7207.489034245137, 7207.489034245137, 7207.489034245137, 7191.726221263851], 
[8421.531831616718, 8173.000271366562, 8130.783738666517, 8071.241337431033, 8024.237024795083, 7992.510278057267, 7859.632207681086, 7859.632207681086, 7787.707334235882, 7787.707334235882, 7787.707334235882, 7655.159350544583, 7655.159350544583, 7655.159350544583, 7655.159350544583, 7527.085392717831, 7455.3095796556845, 7431.574461257921, 7431.574461257921, 7413.140968230195, 7413.140968230195, 7351.889633356038, 7351.889633356038, 7127.222999234179, 7127.222999234179, 7053.846560949975, 7053.846560949975, 7053.846560949975, 7053.846560949975], 
[8399.145039078732, 8399.145039078732, 8095.290532922075, 8095.290532922075, 8095.290532922075, 8095.290532922075, 7903.128572298193, 7903.128572298193, 7887.706238328003, 7887.706238328003, 7653.296313291253, 7653.296313291253, 7653.296313291253, 7653.296313291253, 7565.033284127969, 7565.033284127969, 7565.033284127969, 7565.033284127969, 7358.193718521778, 7358.193718521778, 7358.193718521778, 7228.5973651781305, 7228.5973651781305, 7220.278048252024, 7220.278048252024, 7183.650206760934, 7183.650206760934, 7183.650206760934, 7183.650206760934], 
[8587.475026460745, 8319.596216504031, 8244.447598067582, 8244.447598067582, 7974.41753733985, 7974.41753733985, 7974.41753733985, 7974.41753733985, 7910.72436772789, 7803.3225117799, 7769.097749203415, 7666.417027653206, 7646.125241879272, 7646.125241879272, 7469.864293770789, 7332.223760240896, 7332.223760240896, 7332.223760240896, 7306.975468160116, 7306.975468160116, 7306.975468160116, 7306.975468160116, 7306.975468160116, 7306.975468160116, 7306.975468160116, 7306.975468160116, 7269.680931964085, 7269.680931964085, 7269.680931964085],
[8489.33669889094, 8489.33669889094, 8272.085676165067, 8272.085676165067, 8272.085676165067, 8272.085676165067, 8144.0324752232, 8144.0324752232, 8074.997845904422, 7925.157663455244, 7906.791081322543, 7906.791081322543, 7906.791081322543, 7826.461910878617, 7674.510932643907, 7663.204166365929, 7507.606591005646, 7507.606591005646, 7507.606591005646, 7507.606591005646, 7430.450248011371, 7430.450248011371, 7430.450248011371, 7312.724697639921, 7312.724697639921, 7218.549055668134, 7218.549055668134, 7218.549055668134, 7216.575451443513], 
[8525.570804388506, 8496.0588550633, 8083.753954234744, 7937.45699048484, 7937.45699048484, 7937.45699048484, 7787.319142217643, 7787.319142217643, 7787.319142217643, 7787.319142217643, 7740.030046242643, 7680.723937671621, 7664.155320619975, 7664.155320619975, 7499.388877000222, 7499.388877000222, 7499.388877000222, 7369.958232690815, 7369.958232690815, 7369.958232690815, 7369.958232690815, 7262.867486413895, 7245.3427909261845, 7245.3427909261845, 7245.3427909261845, 7245.3427909261845, 7215.214868321085, 6931.5281797748385, 6931.5281797748385], 
[8392.556588915782, 8231.470300587567, 8231.470300587567, 8196.79767774623, 8097.174989431968, 8097.174989431968, 8097.174989431968, 8097.174989431968, 7855.401331147519, 7855.401331147519, 7855.401331147519, 7855.401331147519, 7641.486910573694, 7641.486910573694, 7641.486910573694, 7641.486910573694, 7610.223622552212, 7610.223622552212, 7598.587515255203, 7553.869322776372, 7503.5710856550295, 7503.5710856550295, 7503.5710856550295, 7352.892912602437, 7352.271431364134, 7232.973509716384, 7175.966685857072, 7149.972969368389, 7149.972969368389], 
[8348.085156979674, 8252.386178723904, 8252.386178723904, 8252.386178723904, 8204.980463101052, 8036.237171065867, 8007.278562267732, 8007.278562267732, 8007.278562267732, 7958.57572957733, 7757.650588560565, 7757.650588560565, 7753.20284178032, 7610.326149494208, 7610.326149494208, 7610.326149494208, 7610.326149494208, 7610.326149494208, 7610.326149494208, 7508.213662887728, 7427.1929307489345, 7427.1929307489345, 7427.1929307489345, 7427.1929307489345, 7427.1929307489345, 7403.913233799055, 7403.913233799055, 7395.83841142328, 7395.83841142328], 
[8479.424730345618, 8403.696022226113, 8300.994309611695, 8291.681400762369, 8036.1703095949515, 8036.1703095949515, 8010.536216367113, 8010.536216367113, 8010.536216367113, 8010.536216367113, 7981.731505777081, 7875.41924577093, 7839.811926541851, 7839.091308134076, 7839.091308134076, 7515.979687005485, 7515.979687005485, 7228.996398308024, 7228.996398308024, 7228.996398308024, 7228.996398308024, 7228.996398308024, 7228.996398308024, 7228.996398308024, 7228.996398308024, 7228.996398308024, 7228.996398308024, 7228.996398308024, 7228.996398308024], 
[8411.754578352738, 8396.96169283105, 8242.400686553558, 8242.400686553558, 8241.949777313817, 8108.947011939657, 7879.4142691956395, 7879.4142691956395, 7879.4142691956395, 7879.4142691956395, 7839.816237577658, 7837.357450043006, 7508.356966817931, 7508.356966817931, 7508.356966817931, 7508.356966817931, 7508.356966817931, 7508.356966817931, 7384.5055705203085, 7384.5055705203085, 7361.925097989954, 7272.98097058357, 7272.98097058357, 7272.98097058357, 7272.98097058357, 7126.4608990527895, 7126.4608990527895, 7126.4608990527895, 7126.4608990527895], 
[8397.300387717487, 8397.300387717487, 8125.626028394609, 8125.626028394609, 8125.626028394609, 7955.7998866473845, 7955.7998866473845, 7955.7998866473845, 7896.79107725473, 7530.263635746553, 7530.263635746553, 7530.263635746553, 7530.263635746553, 7530.263635746553, 7498.360544019439, 7498.360544019439, 7498.360544019439, 7467.673834960616, 7467.673834960616, 7317.404530634977, 7317.404530634977, 7317.404530634977, 7317.404530634977, 7229.029962119248, 7229.029962119248, 7229.029962119248, 7140.881126873096, 7140.881126873096, 7140.881126873096], 
[8394.078552880817, 8311.926672353266, 8219.523701075148, 7928.50314816272, 7928.50314816272, 7928.50314816272, 7854.334437033375, 7854.334437033375, 7837.651228130954, 7611.9567132635975, 7469.458042417676, 7469.458042417676, 7469.458042417676, 7469.458042417676, 7469.458042417676, 7469.458042417676, 7469.458042417676, 7399.870004377193, 7336.300967279215, 7322.446288504101, 7276.173021275567, 7276.173021275567, 7276.173021275567, 7276.173021275567, 7276.173021275567, 7276.173021275567, 7276.173021275567, 7276.173021275567, 7263.178566149894], 
[8451.42764723868, 8227.067053477535, 8141.298397545922, 8141.298397545922, 8067.609344335096, 8067.609344335096, 7749.8534968920385, 7749.8534968920385, 7749.8534968920385, 7749.8534968920385, 7749.8534968920385, 7497.098818037255, 7497.098818037255, 7497.098818037255, 7497.098818037255, 7497.098818037255, 7497.098818037255, 7497.098818037255, 7497.098818037255, 7497.098818037255, 7371.618013523359, 7371.618013523359, 7371.618013523359, 7371.618013523359, 7189.086073383409, 7189.086073383409, 7189.086073383409, 6973.017989125485, 6973.017989125485], 
[8313.100397069018, 8313.100397069018, 8247.702130263166, 8161.877979959207, 8003.900144405739, 8003.900144405739, 7976.445106175626, 7976.445106175626, 7976.445106175626, 7976.445106175626, 7950.312321736757, 7750.746679592198, 7750.746679592198, 7679.545223944547, 7679.545223944547, 7679.545223944547, 7679.545223944547, 7628.794789484948, 7613.447959443743, 7428.198652040122, 7428.198652040122, 7428.198652040122, 7428.198652040122, 7376.289578045553, 7376.289578045553, 7376.289578045553, 7376.289578045553, 7293.101524265642, 7293.101524265642], 
[8560.280734182674, 8082.407398593325, 8082.407398593325, 8082.407398593325, 7894.019724942306, 7894.019724942306, 7894.019724942306, 7894.019724942306, 7894.019724942306, 7894.019724942306, 7778.103596684448, 7778.103596684448, 7733.446230669729, 7733.446230669729, 7733.446230669729, 7450.612875265971, 7450.612875265971, 7450.612875265971, 7450.612875265971, 7450.612875265971, 7386.309023127609, 7216.397076819227, 7216.397076819227, 7216.397076819227, 7216.397076819227, 7216.397076819227, 7046.157594712554, 7046.157594712554, 7046.157594712554], 
[8120.662240933652, 8120.662240933652, 8120.662240933652, 8120.662240933652, 8100.055174965348, 8100.055174965348, 7974.156237023299, 7974.156237023299, 7865.600948504704, 7833.5642948316745, 7833.5642948316745, 7724.975621708387, 7724.975621708387, 7724.975621708387, 7724.975621708387, 7724.975621708387, 7724.975621708387, 7724.975621708387, 7430.2027371572985, 7430.2027371572985, 7430.2027371572985, 7430.2027371572985, 7366.850790940953, 7366.850790940953, 7366.850790940953, 7366.850790940953, 7366.850790940953, 7323.120599552183, 7323.120599552183], 
[8280.97878207263, 8245.741851180124, 8150.8679953864375, 8097.51590741548, 8097.51590741548, 8028.292158464529, 8028.292158464529, 7830.130503057561, 7830.130503057561, 7830.130503057561, 7830.130503057561, 7709.429980796499, 7709.429980796499, 7467.5136624567085, 7467.5136624567085, 7467.5136624567085, 7467.5136624567085, 7467.5136624567085, 7467.5136624567085, 7467.5136624567085, 7467.5136624567085, 7379.826228917009, 7379.826228917009, 7379.826228917009, 7195.515601800383, 7195.515601800383, 7195.515601800383, 7195.515601800383, 7195.515601800383], 
