[4336671544.725171, 3411252415.4857383, 2572530427.6384654, 1842784500.2280157, 1439710238.5012155, 963837231.8551555, 597303718.8314838, 442812716.75522614, 302787448.1896483, 208478010.92348513, 133045450.5450669, 98089446.06861073, 62956396.1428959, 40334851.41070726, 28870211.47382809, 18153530.964257002, 11103680.061613515, 9723781.555611607, 6766327.235075159, 5132818.016975676, 3481141.362941847, 2373026.0586265954, 1736848.54748366, 1187832.317998247, 890792.7373565171, 642521.2602642482, 437671.51886818453, 324080.2569019008, 251809.6032860856], 
[4139338177.4358845, 3401320655.2136006, 2194107778.617057, 1582977555.1167881, 1097134146.0314555, 808496193.2138416, 535960297.80909264, 409114489.050003, 297839402.23631877, 198839261.60340407, 130977560.22094409, 83592461.0157949, 53441487.10619023, 39993708.2216399, 25563753.929734766, 18742012.548176657, 11552354.559195234, 8062876.489618314, 5270453.425373728, 3763830.025830449, 2798448.3707678583, 2045545.0027414586, 1270998.513740968, 946889.1501328697, 730435.8716917326, 527803.0188403005, 353929.3570685583, 299568.30888486264, 222250.33850860037], 
[4151928242.0198164, 3299164988.0622725, 2280654082.1922708, 1892866021.8347414, 1376253054.7126162, 920367539.9269736, 576839808.2696269, 401650213.8439358, 270820442.8163657, 205393831.67492893, 136865042.7983413, 99489885.4198716, 69983777.49985164, 47464092.89434852, 31041210.00146524, 22972936.65113849, 15528338.422576519, 11474704.389147531, 8297520.366115151, 5372764.60397168, 3860345.4450884406, 2658339.265369789, 1916883.862124351, 1412169.5455301015, 976518.2616286993, 722385.1941585267, 507641.9003177672, 348227.73708444904, 271317.75801500626], 
[4592531109.345358, 3359541757.6210446, 2776087643.52731, 1973122814.803663, 1549338540.0526521, 1037538877.1222711, 667062246.2343272, 509760933.1357745, 312756373.6589676, 206933108.3417263, 148529407.54771194, 102812946.78927828, 70319562.7788712, 43588640.967488825, 33130058.051104248, 22309239.296165098, 17399469.737739194, 12182429.970051378, 7622421.616726485, 6227767.348653268, 3856218.3289227462, 2990592.4494192814, 2217927.811579257, 1600151.7803248044, 1145806.8621803455, 867352.2174785205, 543786.4903550904, 403413.9724024582, 309172.4962067924], 
[4366893963.285248, 3569735071.767587, 2575216644.797568, 1717565911.236259, 1334524973.8868496, 914649912.8397968, 592030625.2158935, 422877254.2127639, 291021041.50179094, 206022391.99387127, 139858059.33067954, 97859348.74376427, 62830630.91414676, 52258167.59702656, 35385219.391411565, 24163056.295133024, 17320878.04586338, 11250116.36999557, 7833874.143200992, 5328459.166687027, 3655881.842639189, 2533790.8865467017, 1795672.8833361624, 1387197.0850092599, 980144.301894722, 758892.7519998577, 497011.1019110994, 407533.99717858416, 287510.7518834793], 
[4382549390.59526, 3589550647.913868, 2785686633.1074414, 1872947316.7124977, 1455608540.5632997, 1000653054.0981202, 687952823.8248137, 502416058.9550947, 320672221.9646006, 249732607.7908256, 164287546.56730756, 117270955.45751278, 80062407.96514858, 59887984.359529495, 38047798.328224175, 27264411.94399378, 16138891.405223783, 12928413.123661583, 9081048.112482984, 5641823.901906289, 3971925.6032289565, 3221500.475304724, 2259354.5181203615, 1545548.7099257812, 957092.9259684021, 765415.0098924984, 528427.7304150402, 353647.75487305433, 302911.12567753886], 
[4486005669.328662, 3155078902.8826966, 2644382684.6566157, 2077274106.408387, 1410177806.5909894, 1033040338.7596223, 700984303.1427217, 452146922.35865855, 316530936.04448825, 210209910.7402125, 151398111.52685153, 122854440.19009691, 82860033.46587168, 57115698.46931965, 35686409.92113207, 25257105.534271687, 17148207.575974718, 11780934.679420313, 7937890.737664152, 6032149.599464872, 4230753.088645527, 2900815.9856341174, 2013203.1512500616, 1428479.537965287, 1093661.4479796677, 697678.4195218459, 572728.316602929, 427962.67109858413, 324040.19179903873], 
[4309179699.255927, 2989836236.148377, 2311410710.5520124, 1856440482.8804786, 1307973689.3268397, 947708796.0960687, 648198612.7533329, 415029357.54974556, 317415842.24255246, 237949917.67329207, 153019396.55446565, 90495291.42535889, 73847384.67893972, 54290728.56222511, 35892118.80425083, 26890020.13893564, 19361946.468572363, 13258078.560575843, 8379796.298704549, 6005835.07441511, 4367609.338212878, 2943827.547410954, 1995848.242881096, 1501009.6138872935, 1109644.7664572992, 686893.4929497903, 574007.0740349211, 392147.1240207249, 300676.23624479416], 
[4115614324.5033937, 3131834810.560906, 2426145234.9461746, 1681060768.60488, 1262820508.2486622, 940461270.5467463, 650795052.3453264, 445416749.2942498, 303925331.1505259, 209361070.79996777, 143709496.016976, 99751060.1995538, 75792330.50818804, 51596204.19374198, 35811763.83662067, 23814544.2179952, 18773529.625586864, 11961289.782374933, 8032116.07755254, 6128286.092078382, 4198510.1495153, 3232746.909759695, 2344958.2985671083, 1535909.399200148, 1161663.834418835, 785090.559455463, 545531.7298812263, 418320.27607525286, 338807.9325183099], 
[4632381358.932543, 3651703558.0585628, 2862937601.908863, 2108438671.63445, 1438670742.2591343, 859050126.2595875, 705483355.7734199, 482146575.3751048, 323069765.9261396, 230429699.80266997, 137294505.01780915, 98226428.77102722, 65450161.832979016, 50092884.19067152, 35065381.36116081, 20039512.94167992, 15462929.983044883, 10792566.621166058, 8507369.174444048, 5959180.410501683, 3932030.4172489266, 3093246.477622579, 2215869.9385779547, 1478511.2657524983, 1122480.0773839515, 815022.9973730337, 547104.979333809, 374236.84040719096, 292471.1546310602], 
[4456288753.53085, 3383329841.8108687, 2635907387.7415824, 1923626136.3438191, 1356623628.3890057, 900571190.8775115, 510606783.44183356, 428671940.24695855, 271865213.4302234, 192881250.23359293, 126150543.09189671, 88829074.49691714, 63484730.748389006, 44058868.18764636, 29799698.636072382, 19917778.865499903, 13562496.636839548, 10064520.334823238, 6373592.3353527235, 4806013.745617001, 3374938.008900941, 2191282.426741764, 1714095.640574186, 1185594.3638689362, 877444.5948840755, 637517.8516928089, 424418.99367073964, 311680.13230091234, 247311.84530886676], 
[4083798466.5902514, 3054169550.663657, 2385790835.0254765, 1806432987.3214815, 1359915219.8109403, 952712033.2294335, 596185537.462723, 478623660.19383216, 338070282.81377244, 235835642.40007916, 158429236.87505046, 99670150.5577451, 72857124.88913272, 52562263.3083668, 34434139.08245181, 22067346.292946626, 16481438.762419188, 11518292.371056747, 7896872.992337458, 5560906.635564506, 4412418.28475225, 3017948.774997346, 2132621.0174668385, 1373079.3022683794, 1093921.8803999636, 748625.1477964873, 530196.0253678816, 415982.48348549067, 289707.40362197993], 
[3962166650.19201, 3447381481.9837503, 2687633897.573072, 1951736008.289285, 1342771982.8788664, 980533383.8383155, 650684389.4570109, 470871959.0779572, 290857805.5599298, 205758630.3093878, 158001212.98519635, 95989878.33538267, 70702293.84147517, 46446639.83316714, 31317866.7321777, 22043650.34679847, 16483653.518155802, 9846873.358179541, 7442693.182943938, 5438768.8996197935, 3237641.1362068793, 2291178.350743807, 1618734.0372359357, 1144394.22949953, 837872.731701025, 575181.6648658159, 440487.85222526354, 298745.09236654, 249942.4383977742], 
[4449215338.508866, 3181700388.347563, 2520067735.4967403, 1758249368.429885, 1202536174.7035344, 866608816.208152, 622084249.6017307, 443250206.40920174, 321702983.7449264, 229310231.62279662, 144397186.08386922, 110604481.17614049, 77767577.69334479, 52952257.35501305, 37997163.51914871, 22534961.294049222, 17229172.02452483, 11505956.476832468, 8975574.439439999, 6362266.631825668, 4401577.54563946, 3101178.2226771167, 2207972.6972813723, 1612424.6022648946, 1045993.3334179269, 812120.6041507705, 586239.626629519, 446510.188494823, 318568.92044062214], 
[4527473010.101197, 3339905090.6190915, 2761158318.2231083, 1926419092.821558, 1376177815.4802768, 964358531.9195766, 718459706.7582827, 463994752.6308142, 275024810.94714236, 241929524.40929765, 172829917.40756285, 114328656.17446549, 72269428.23067775, 54013307.74195966, 37513258.09174249, 27906189.882107846, 17687297.714509927, 10941300.428830432, 8837820.838792935, 5922580.432438527, 4222900.859507944, 2895258.1959705893, 2125175.7981474423, 1530641.3461908703, 1109962.637675369, 806813.7280617107, 556209.1706595494, 441607.97864800994, 314878.73992004496], 
[4180207844.6160913, 3407821720.5851817, 2489862060.4361053, 1468073757.9472191, 1108179279.3802936, 858243837.3161435, 569678124.4291428, 348382060.2836776, 255106458.18564233, 195667791.96222448, 121929066.19052751, 81459794.2381421, 56998391.86503391, 39550358.671332315, 27832979.201755323, 19405920.81135783, 13209409.335000297, 9475784.621362988, 6266605.293951769, 4880713.203888984, 3173503.519090511, 2564058.589338847, 1541476.4634376436, 1351476.886925697, 972193.9828599322, 670757.2509642605, 509751.89568533923, 380938.4199657433, 298350.4558197309], 
[4259333316.004201, 3801388962.87992, 2671864726.9732795, 1698495066.449056, 1366909124.3323739, 896459039.0156281, 612388663.9269772, 426049588.09744835, 294329349.6659483, 202021070.48695004, 132252651.03583974, 92332566.49647205, 58212739.93611462, 41183993.61419707, 32034226.84039465, 23346767.47975084, 16299721.956557501, 10636048.946694432, 8213989.98266302, 5849603.888007241, 3977103.3277694224, 3025956.8364753486, 2242093.7426744206, 1565062.0268919459, 1123994.6254412597, 863650.8470997051, 649030.6596681452, 471621.21739738627, 282890.6717081496], 
[4133487878.2502227, 3370185265.2945194, 2387032555.194845, 1914787819.0009098, 1241991068.871188, 868096459.6417773, 622812088.1480147, 417628249.1062785, 296108319.3796381, 195880601.87275654, 136895193.9492277, 84920441.86986682, 65458665.3106249, 45879564.2557419, 31936986.80537404, 19743821.88461366, 14160069.539732542, 11169936.423802594, 7195701.479770145, 5595401.876982879, 3525465.9075132757, 2647217.348198468, 1690768.2781048203, 1268044.6045186813, 875235.9654338515, 617665.5807535902, 456518.53584216564, 324694.64775237424, 267508.5383026641], 
[4936154021.731765, 3590460637.4885087, 2547282900.640843, 1955723600.7502882, 1408393829.5218902, 864307022.712451, 608851744.5216359, 396964253.0692893, 280107874.81292415, 210578016.66995314, 151321697.36387947, 90553717.2850648, 68954089.80499756, 48644829.24520832, 33312934.69642839, 23800628.084205218, 17261324.381599415, 11231944.800313402, 8317116.821261098, 5363014.545838297, 3723551.2405956765, 2415375.6537819584, 1690053.9532025615, 1227209.8429747587, 857611.7935321658, 617077.4319933272, 472188.4836676315, 366956.7343845603, 247144.8254741096], 
[4253646380.544331, 3134515685.213821, 2581569770.305683, 1823095017.9535103, 1137601022.2536647, 784673113.4579393, 541039533.131125, 337653923.37811893, 258433505.43788955, 165256718.4111863, 122465078.88902499, 79982782.65961193, 55458601.506621286, 37854249.99355561, 26800355.544425234, 19256478.607640736, 11910585.204256218, 8495133.579608155, 5852404.689070649, 3785408.2368382234, 2787746.2993097613, 2176604.218062322, 1302181.9335560747, 1231812.6849560214, 762243.1789861353, 603849.1748847195, 412932.4671743069, 297748.0186973552, 235291.6266049882], 
[4594477464.894812, 3977018714.259161, 2684607901.7219834, 1799709218.0014625, 1341538797.617264, 882453565.0261458, 572657678.3512492, 437509906.14008737, 255437077.49943823, 199792733.2845102, 121353425.31949578, 83560294.17052111, 59402962.4759219, 42874292.568613954, 28063951.977941956, 19978629.863298226, 14002499.383041337, 9346755.413331259, 6859392.329340213, 4470142.387246833, 3627949.0656157993, 2465662.203345436, 1812086.773755626, 1283814.2378056834, 998052.1150570398, 692135.7951487321, 536088.154164869, 353355.12583174487, 289412.24924298265], 
[3682513709.2715325, 3429608359.416359, 2363739785.155602, 1728235617.277423, 1087088012.2705352, 951791080.167453, 639706419.9557561, 422810808.138447, 281967976.0312307, 194378588.56965974, 128587540.91839927, 89289051.42979263, 61137711.57555327, 41892087.80554828, 27798264.468260977, 19434779.37199782, 13901517.878079649, 9230666.255588517, 6325440.421702525, 4873694.45324741, 3273594.301118986, 2586976.5953030204, 1836900.496214475, 1174252.807445453, 856184.9312282456, 617469.7086354983, 490496.77667933865, 332491.884120449, 264245.6395856665], 
[4574225753.875139, 3416285028.55663, 2660770256.148668, 1733425807.969871, 1330741627.1269228, 916537250.573005, 643084262.5936104, 451587230.91670924, 302320571.206894, 220522471.25464952, 130335595.5949345, 107088033.70133789, 71709348.83802308, 49696286.76923004, 32927349.296761222, 23615653.674248263, 15093965.400839366, 11322900.505228925, 8124567.626174387, 4976310.740030925, 3838711.2756939935, 2722364.917783071, 1780130.820286403, 1199022.3943737892, 923507.6023901654, 684331.6375461575, 514739.64348001103, 360689.5080733779, 266047.7152622085], 
[4644159520.332476, 3522701038.312316, 2777749237.890717, 1659969892.1006505, 1385867215.1924508, 995659355.1936111, 672471670.9186956, 468196106.4990511, 312799057.7418393, 207221176.0513079, 148870257.3000236, 100045462.21994834, 71645492.63666706, 44870184.40805923, 32268559.85403184, 21910792.121687658, 15376484.395473797, 9524346.01107258, 7080984.440758885, 5170371.855012943, 3433204.05441441, 2529346.8175555915, 1893628.8331897608, 1267037.4621478354, 871466.1677491522, 714752.2627422435, 513000.3902368384, 358757.2802640092, 276772.06732026447], 
[4698788507.827925, 3264884361.983699, 2495406556.4813347, 1659444490.9087386, 1329342897.112798, 983485961.737593, 669763035.4252992, 444224965.9601402, 296828293.2285194, 180890324.01787636, 136013762.18004802, 98881929.13916947, 68148383.90714921, 45871911.95496283, 30568368.4464487, 19697807.233915135, 15148582.960606936, 10592948.012656815, 7241499.553426353, 4622475.953483138, 3274976.7554749725, 2577227.8947921833, 1861517.7391354379, 1299098.247328606, 890660.7375876603, 628954.6358796682, 508509.05365051806, 374773.0199154274, 264264.05650269665],
