[1195586.0120634362, 1063184.6470348174, 931029.4678496937, 876753.2454361783, 778704.4777669065, 664030.0283256236, 562105.3844485705, 490935.0121973456, 428665.481597739, 347554.5464177869, 306653.48683025583, 254933.31426400723, 204381.5836231712, 195234.44611510666, 159780.59822844234, 139300.80263563388, 116959.6957329364, 95076.67924976762, 78730.85124350076, 68001.92439843435, 56559.23561345305, 49835.6891287791, 43492.22106027444, 38275.6719499252, 30060.207601228107, 24949.156480367583, 22742.87370028044, 19838.56999743458, 16790.121496276224], 
[1183314.7707114352, 1083776.4073483641, 938979.4916660866, 899697.656550191, 727243.9216572705, 651213.2924775286, 564249.8392330499, 474721.5504205296, 411966.8950366598, 339588.98862400383, 294922.5360531615, 239928.1402249458, 217303.14491625386, 183508.7786256103, 146038.0719741215, 123731.73468091202, 109749.84858041383, 98736.49071483435, 81537.22329923802, 70778.25951378074, 57167.530225199764, 48692.531975372774, 42053.368750329406, 35040.8606050185, 29823.9651489513, 25312.07871952926, 21522.638755494776, 18193.32557810398, 14992.290124355146], 
[1158541.8177266628, 1090109.219400432, 944914.0807454267, 866911.1734224902, 735876.5793548282, 609303.6190192745, 526687.4923799644, 439348.0511426195, 365001.19357318565, 303056.25160525553, 259932.92215179963, 230187.6613127419, 203309.3137165968, 164839.06879941214, 140529.00245424913, 114818.42328519622, 103848.57753423612, 82737.4183819144, 75254.55306770098, 60992.43658457005, 52558.90500982837, 40907.21557495096, 34274.94162927675, 29548.743396961985, 26020.530440016497, 21856.53231523726, 18555.738036653922, 15240.01984309583, 13389.098606772404], 
[1147031.7650259512, 1083128.388354882, 940461.1781995421, 843442.9100996634, 791149.8602296395, 656695.4785831058, 538262.5098576525, 471324.24895211775, 393796.40901024477, 336478.04636642605, 290074.40303431684, 242852.0156971639, 203996.0113605859, 172627.6754902096, 140232.47865202048, 124893.67945086864, 101274.79469946805, 89175.85661947833, 73920.37773514888, 62820.91858486456, 52636.326183032994, 46050.91139485546, 36876.5262671444, 32305.903923915546, 28818.45480069896, 22527.56084676728, 20588.590186456426, 17071.1434278559, 14456.299980163187], 
[1165953.6466293305, 1050631.7864182305, 921076.3135698641, 841829.6209960296, 752492.1796469801, 624764.0467612135, 584730.7078364744, 499964.3070333094, 383756.29554996965, 339076.03180538025, 244148.83370838253, 238842.22470024426, 196185.08820870728, 174653.2779471824, 150336.36849359045, 130702.83925371701, 112287.4782828214, 98700.95961850614, 79246.53166934125, 61482.608852934995, 57766.704608942244, 48472.524809163246, 41883.58797025141, 35901.13358436159, 28855.94752576323, 23418.68316754103, 21667.38454950099, 18459.297304178624, 14399.274322550262], 
[1139847.1436278652, 1040834.3486156281, 938775.1044224898, 863076.5299201597, 766908.7395686549, 638981.9005241493, 564197.0042757472, 466637.8344942245, 422087.74475046125, 365850.09588996007, 305067.9370921667, 237780.77879568303, 220758.96928592472, 182519.82209102364, 163264.7614682696, 140793.30089382632, 110671.35889173843, 98520.70785624137, 84299.09708142628, 70669.31479800466, 59033.3777722907, 50743.38188332727, 43013.1448886647, 37482.00576220587, 29800.063606238833, 23790.90217006112, 21861.841526321463, 17630.997115171453, 15177.839322040221], 
[1194471.4548930814, 1120829.9537365942, 1008579.4733312033, 885939.3573162978, 749171.5263489275, 688324.0282833314, 599317.0064364758, 499084.67094880645, 416347.06030004215, 351526.42727405275, 309037.3672736668, 258931.62628128947, 224403.99020723792, 177466.40026345765, 160008.8369029906, 131389.52860662102, 111389.33142000211, 94536.52686668064, 79981.4515235906, 66460.80109331488, 55959.83987641744, 46735.16413066599, 41480.294914326296, 34668.90083196118, 28488.473116057874, 26401.055541003825, 21821.70732793854, 18020.495901158436, 15176.81802947623], 
[1185641.2290935058, 1008611.3362119831, 959962.1027525779, 831396.0309213704, 760293.8416047265, 666325.5058794417, 571756.2507467447, 491713.56016731495, 417034.7151641692, 360329.8170246067, 312543.05949592113, 266279.7337740172, 220199.69941232642, 186897.80883480125, 151052.84766147754, 128188.97251365258, 118099.54542021097, 94859.44802842407, 81821.22891381981, 63081.091729797685, 59019.73395027116, 47904.9472439613, 41103.822940119564, 31429.987050733398, 28812.48662719808, 25967.409600658342, 22245.041961610204, 19325.50075628867, 16603.132417159308], 
[1162020.242937649, 1031090.5173234162, 953531.0918551661, 776249.3097899851, 720003.4596536302, 633049.8911201934, 569662.0578774002, 463863.66446080466, 379125.8846717171, 345798.61126849963, 282617.2056462528, 245960.42314166902, 211245.74025870685, 157284.16693709424, 136887.14945547818, 110630.17122103463, 88709.68176398802, 81306.46224047456, 67475.43589940747, 61029.73426177626, 48911.34243121898, 41734.30777217592, 36273.78490705062, 27257.169147691446, 25820.113659387684, 21597.321983038175, 18959.17422358652, 15912.491835031798, 13596.22511394235], 
[1065994.4399892848, 1058912.5180058843, 936776.9549702052, 835860.546186843, 740324.6000699648, 687360.777806618, 573764.7552095826, 484010.43038923177, 381124.74182685866, 367978.5941223694, 279803.26520739775, 253019.8216418967, 212882.81299455397, 185947.5077158014, 147137.51848875845, 124800.66402703183, 107537.47648489378, 94295.31937439111, 81970.98286169488, 67376.65688798165, 59306.790757624156, 47398.2227219944, 41038.44076444853, 35517.949843809445, 28659.48407124383, 26042.959823746773, 22003.942154434488, 17731.62984542596, 14961.122690714115], 
[1181439.9816408802, 1129862.4821499542, 1050821.7108827815, 909780.0790910133, 821856.6023813888, 717309.9850815685, 640363.5072159437, 542088.1271342527, 449942.5458123273, 371883.8259532294, 322390.07401332073, 272290.7771966485, 237687.76714073925, 195568.7457560019, 160014.26861311804, 132151.70115543623, 122476.67455411206, 100861.29707306657, 83828.15132057692, 71199.87769950625, 59987.019670555135, 54199.000856880855, 41162.75227225735, 37707.7487442181, 32402.761696324567, 28668.860188583534, 22684.55966634468, 18701.471342293127, 16488.48908165385], 
[1134870.5204684932, 1080978.5460021005, 971970.1141554324, 875297.7430311391, 741702.8105951415, 658138.8013118738, 549827.2646404069, 476624.1162015825, 420942.1118699382, 352510.8673485727, 317891.6513571161, 259988.5164909918, 230036.5697981427, 188979.08114845952, 166105.28169604245, 141381.2905809698, 109814.95869467259, 102334.6081266892, 85793.27801145197, 71246.64229164612, 62961.38344356731, 53081.60859626413, 43670.94507872549, 37288.72861346223, 32770.95566182687, 27376.44430246193, 22411.722780271848, 20786.519751097025, 16677.467475144487], 
[1187170.085361428, 1052796.9915550346, 987287.0640376852, 846824.2797115134, 816293.0573795511, 682471.1346278953, 597046.0475322217, 532844.6418420458, 422993.73864514084, 372759.1955734254, 332555.8599494862, 267284.2745728526, 227600.85808607136, 194662.74107762787, 162567.58980690443, 143659.38626335814, 116942.77114779415, 103705.38118352965, 82907.65738883587, 68580.24430094019, 61093.88204813737, 52210.132726139185, 44291.84031923405, 36123.269132187954, 33196.357340763076, 25893.883355801354, 23546.538828981957, 18376.421346845036, 16298.311711423634], 
[1131696.6918593764, 1074900.3197247542, 949543.1503463162, 858366.964009525, 745335.7215445754, 606268.1684638622, 560581.3403340785, 492127.20092924807, 399427.7880695907, 331695.15419336234, 290979.521308008, 246185.80233748816, 201856.90919426808, 176251.05844864016, 146368.83263594125, 120769.71082118528, 104550.04965613496, 86608.5000433938, 70315.77327222835, 59818.003676721935, 52347.57660574329, 44181.64420358978, 35729.33928025341, 29875.379404598865, 26403.021385389136, 22974.71374917256, 18856.931552579237, 15660.29175176034, 12478.81531824758], 
[1070345.3413798176, 1068771.1613565146, 979858.3785633162, 844714.5134294007, 813778.2850037214, 696431.6484691857, 580408.7974869247, 487862.81150163565, 426496.4106862955, 361514.3185010628, 290659.28265157295, 253263.97836336686, 209499.96857186643, 187991.89030925545, 160924.89350154376, 135055.01550270527, 111518.7749223717, 100057.69517369017, 83555.84610882588, 68843.56720622443, 59730.124762586485, 48201.715455592566, 44844.53067828016, 37763.24614132755, 31051.85343966692, 26959.270764405708, 22839.02083041029, 19214.01419262367, 16344.809528357766],
[1146790.7567438574, 990496.569098856, 921242.8133160262, 870198.3121822368, 745755.1134914808, 656044.2408176756, 561972.1813454978, 477864.9623048834, 422330.14056736924, 365361.75634947367, 309213.91394125443, 257453.50899443947, 216300.20540617444, 195294.6960985927, 162540.77957037598, 134629.49128797452, 118655.5472826412, 99000.01459101708, 83161.43500584771, 65451.82112921703, 56250.78261837006, 51580.55254141345, 41739.24251952633, 36016.526927158084, 29042.533463146094, 25564.78638744435, 21360.86766965117, 18223.963670872334, 15042.637876181252], 
[1150378.3580469007, 1062610.846446651, 948766.4645130174, 856045.1320933698, 741689.9683007417, 699093.0862775149, 570771.7636846879, 492257.21490483405, 401941.9814906557, 357858.98744119133, 290815.31912838377, 239391.4508429772, 219877.2827376048, 180154.38101704983, 164019.52732955976, 122839.64403905178, 105556.42248155635, 89141.42658119279, 83672.88410753726, 69946.85938853367, 56787.07119633269, 48953.606196280634, 43600.90815056064, 33736.27377981448, 31041.81119463901, 26990.749493068117, 23957.497355320953, 18258.08808326657, 16761.063280313374], 
[1170997.3836740002, 1046349.0930349855, 992132.053350659, 875528.3572575425, 714916.8665178922, 624042.5977771513, 542138.4768556166, 483992.86172292795, 395202.0716599116, 345955.24600684014, 273651.860844461, 238997.17228324848, 191884.88237639965, 164237.35915910362, 141196.38824011982, 124445.53139752327, 103887.03095608615, 83427.28712990788, 75019.37186908, 65963.82156394678, 48655.80283521683, 44441.79932034464, 40828.88729910875, 31250.448910303832, 28139.2153873179, 23894.245066386495, 19970.95315039683, 17958.736407177694, 14708.722838413054], 
[1137543.0244399032, 1029289.3725406425, 1004776.4222857942, 941691.3799000505, 737151.531975486, 712989.4772038924, 633304.8993795703, 509917.899427236, 432481.5776559726, 370354.80885751994, 295401.0020881491, 263135.6843348926, 223097.6072433534, 184074.02028258983, 150530.41552723365, 132031.2937633538, 114043.15649094261, 97684.92675363514, 87293.98297852298, 73518.38735942272, 57890.95237085495, 48195.45376169483, 43233.060028537235, 35530.41496059778, 28638.181440456327, 22924.701102362007, 20305.05669847775, 17379.426871990396, 15559.71824684659], 
[1157365.073525058, 1034822.1121506279, 914266.5163345297, 778198.4338408642, 695128.0450934267, 569034.4782580339, 518088.41163407656, 439314.56285514345, 385654.84208228224, 320946.79462815385, 277745.3945554929, 213160.60097825315, 187317.09758674316, 160013.2775285283, 138720.3927731776, 114313.76874166592, 95104.00451397782, 81358.88334797922, 68320.31794431982, 58336.96607389274, 47248.61885735977, 45671.16648269736, 34606.557262107686, 30408.871186478595, 27163.188038204145, 23273.47302824986, 19853.351184462153, 16414.161109593777, 14309.748260932569], 
[1214723.0808951329, 1119094.9337168564, 1002664.1549301922, 868629.6765206143, 749548.0092510531, 675911.6000247641, 593017.2509430186, 517886.4171706372, 433574.5884513332, 328147.7163249782, 289963.9169664036, 248329.40975788972, 215522.39015392974, 181477.7659854628, 145017.20418373274, 124582.01267952468, 101231.9662221409, 92568.46568797778, 73343.48412225119, 61166.25411592554, 52209.504630931544, 44788.53500331373, 38893.44823952874, 33087.412311140644, 28306.687103379358, 25540.612840512396, 22158.225775833806, 17197.294916901654, 15413.554787118528], 
[1145877.3301493386, 1030309.8885878609, 991274.2484158004, 873906.6722690816, 751731.6120703254, 666918.1859376295, 583595.5870418318, 498185.4003577608, 430806.48986865423, 360031.6890160986, 300112.7877971342, 260357.02645692264, 213306.0830781904, 182679.4201362146, 158048.53676053596, 128237.50146249529, 109410.43547928694, 90672.02701962409, 78038.90607685942, 69665.80601752223, 56419.79972802786, 48814.092239350764, 43805.165263910705, 35359.907509744975, 29648.17050498289, 25428.42639113108, 22408.08325240949, 19514.780265055044, 16502.073952318413], 
[1170004.275379956, 1065299.655055645, 975171.3179112427, 840243.548713857, 774003.4936820979, 660779.4219860141, 567927.205676309, 466112.53966146876, 387220.2247195658, 324275.67274194694, 288993.59560359945, 244745.96843245177, 196785.3173486043, 164192.41190214254, 149120.7628798058, 127327.16649901081, 113429.53114593253, 100882.44759489028, 83917.676582922, 63735.88933967928, 60905.535599649804, 51239.90636001192, 45398.76604004102, 36081.44615250381, 31654.779261213418, 27480.573491324205, 22303.07276563117, 17644.247677234376, 16306.909814843804], 
[1177191.2081476774, 1074202.3999762172, 952400.712905025, 903945.6078179458, 809366.4820208689, 725862.877714232, 617436.3702766838, 495493.4333773241, 437713.81128212984, 372057.4543588564, 302412.51445385366, 250020.00585806897, 222707.613691094, 193286.75871494296, 155027.59024388425, 144107.49914262135, 122020.70410172152, 101760.49903037856, 86899.20410220166, 74614.8914584976, 64398.404889250916, 56068.42035618921, 44996.089937165394, 39831.360660649196, 33619.778205805975, 28612.9342267464, 23387.14120567015, 19852.012116936672, 17680.69421169823], 
[1235464.0282581986, 1088356.6664225657, 1010659.2269948255, 913129.264311466, 800216.5372823677, 702042.7762664509, 596147.5872985742, 501403.2959655114, 434906.6016845304, 377156.42753381067, 306925.72431085433, 271006.484828324, 223344.95344643292, 189704.7747763668, 153249.8116962167, 127243.82065444492, 113862.23198171482, 94351.6036587026, 79988.36940004006, 63373.93641113786, 56959.528314739815, 45135.79613497722, 39232.897321775024, 36883.3816968873, 29580.036810624, 25982.94737037487, 20847.29409950304, 18028.78262189817, 15588.70861214056]

