[20.788220625719596, 20.788220625719596, 20.779881842722737, 20.779881842722737, 20.779881842722737, 20.779881842722737, 20.779881842722737, 20.779881842722737, 20.779881842722737, 20.779881842722737, 20.718276035696082, 20.718276035696082, 20.63737973237345, 20.63737973237345, 20.63737973237345, 20.63737973237345, 20.63737973237345, 20.63737973237345, 20.63737973237345, 20.63737973237345, 20.63737973237345, 20.63737973237345, 20.63737973237345, 20.63737973237345, 20.63737973237345, 20.63737973237345, 20.63737973237345, 20.63737973237345, 20.63737973237345], 
[20.583498755381093, 20.583498755381093, 20.583498755381093, 20.583498755381093, 20.583498755381093, 20.583498755381093, 20.583498755381093, 20.583498755381093, 20.583498755381093, 20.583498755381093, 20.583498755381093, 20.583498755381093, 20.583498755381093, 20.583498755381093, 20.583498755381093, 20.583498755381093, 20.583498755381093, 20.583498755381093, 20.583498755381093, 20.583498755381093, 20.583498755381093, 20.583498755381093, 20.583498755381093, 20.583498755381093, 20.583498755381093, 20.583498755381093, 20.583498755381093, 20.583498755381093, 20.583498755381093], 
[20.942971792050663, 20.79845506319477, 20.79845506319477, 20.79845506319477, 20.700189300574774, 20.700189300574774, 20.700189300574774, 20.700189300574774, 20.700189300574774, 20.700189300574774, 20.700189300574774, 20.700189300574774, 20.700189300574774, 20.700189300574774, 20.700189300574774, 20.697008055317003, 20.697008055317003, 20.697008055317003, 20.697008055317003, 20.697008055317003, 20.697008055317003, 20.697008055317003, 20.697008055317003, 20.697008055317003, 20.697008055317003, 20.697008055317003, 20.697008055317003, 20.697008055317003, 20.697008055317003], 
[20.836842441730997, 20.836842441730997, 20.836842441730997, 20.804127442903482, 20.804127442903482, 20.77657336140109, 20.640420899223855, 20.640420899223855, 20.640420899223855, 20.640420899223855, 20.640420899223855, 20.640420899223855, 20.640420899223855, 20.640420899223855, 20.640420899223855, 20.640420899223855, 20.640420899223855, 20.640420899223855, 20.640420899223855, 20.640420899223855, 20.640420899223855, 20.640420899223855, 20.640420899223855, 20.640420899223855, 20.640420899223855, 20.640420899223855, 20.640420899223855, 20.640420899223855, 20.640420899223855], 
[20.748864072182034, 20.748864072182034, 20.594263739692295, 20.594263739692295, 20.594263739692295, 20.594263739692295, 20.594263739692295, 20.594263739692295, 20.594263739692295, 20.594263739692295, 20.594263739692295, 20.594263739692295, 20.594263739692295, 20.594263739692295, 20.594263739692295, 20.594263739692295, 20.594263739692295, 20.594263739692295, 20.594263739692295, 20.594263739692295, 20.594263739692295, 20.594263739692295, 20.594263739692295, 20.594263739692295, 20.594263739692295, 20.594263739692295, 20.594263739692295, 20.594263739692295, 20.594263739692295],
[20.890109974573534, 20.750077884450683, 20.750077884450683, 20.750077884450683, 20.750077884450683, 20.68279540540585, 20.68279540540585, 20.68279540540585, 20.68279540540585, 20.550371711810573, 20.550371711810573, 20.550371711810573, 20.550371711810573, 20.550371711810573, 20.550371711810573, 20.550371711810573, 20.550371711810573, 20.386109593734275, 20.386109593734275, 20.386109593734275, 20.386109593734275, 20.386109593734275, 20.386109593734275, 20.386109593734275, 20.386109593734275, 20.386109593734275, 20.386109593734275, 20.386109593734275, 20.386109593734275],
[20.361726636642896, 20.361726636642896, 20.361726636642896, 20.361726636642896, 20.361726636642896, 20.361726636642896, 20.361726636642896, 20.361726636642896, 20.361726636642896, 20.361726636642896, 20.361726636642896, 20.361726636642896, 20.361726636642896, 20.361726636642896, 20.361726636642896, 20.361726636642896, 20.361726636642896, 20.361726636642896, 20.361726636642896, 20.361726636642896, 20.361726636642896, 20.361726636642896, 20.361726636642896, 20.361726636642896, 20.361726636642896, 20.361726636642896, 20.361726636642896, 20.361726636642896, 20.361726636642896],
[20.708908852299796, 20.708908852299796, 20.679555038792486, 20.679555038792486, 20.679555038792486, 20.679555038792486, 20.679555038792486, 20.679555038792486, 20.679555038792486, 20.679555038792486, 20.679555038792486, 20.679555038792486, 20.679555038792486, 20.679555038792486, 20.679555038792486, 20.679555038792486, 20.679555038792486, 20.679555038792486, 20.679555038792486, 20.679555038792486, 20.679555038792486, 20.679555038792486, 20.679555038792486, 20.679555038792486, 20.679555038792486, 20.679555038792486, 20.679555038792486, 20.679555038792486, 20.679555038792486],
[20.443936991569153, 20.443936991569153, 20.443936991569153, 20.443936991569153, 20.443936991569153, 20.443936991569153, 20.443936991569153, 20.443936991569153, 20.443936991569153, 20.443936991569153, 20.443936991569153, 20.443936991569153, 20.443936991569153, 20.443936991569153, 20.443936991569153, 20.443936991569153, 20.443936991569153, 20.443936991569153, 20.443936991569153, 20.443936991569153, 20.443936991569153, 20.443936991569153, 20.443936991569153, 20.443936991569153, 20.443936991569153, 20.443936991569153, 20.443936991569153, 20.443936991569153, 20.443936991569153],
[20.871558022489772, 20.696531762213688, 20.54148587285463, 20.54148587285463, 20.54148587285463, 20.54148587285463, 20.54148587285463, 20.54148587285463, 20.54148587285463, 20.54148587285463, 20.54148587285463, 20.54148587285463, 20.54148587285463, 20.54148587285463, 20.54148587285463, 20.54148587285463, 20.54148587285463, 20.54148587285463, 20.54148587285463, 20.54148587285463, 20.54148587285463, 20.54148587285463, 20.54148587285463, 20.54148587285463, 20.54148587285463, 20.54148587285463, 20.54148587285463, 20.54148587285463, 20.54148587285463],
[20.79451134104853, 20.76717824682121, 20.718674310521802, 20.68503405543823, 20.68503405543823, 20.64487580057693, 20.64487580057693, 20.64487580057693, 20.64487580057693, 20.64487580057693, 20.64487580057693, 20.64487580057693, 20.64487580057693, 20.64487580057693, 20.64487580057693, 20.64487580057693, 20.64487580057693, 20.64487580057693, 20.64487580057693, 20.64487580057693, 20.64487580057693, 20.64487580057693, 20.64487580057693, 20.64487580057693, 20.64487580057693, 20.64487580057693, 20.64487580057693, 20.64487580057693, 20.64487580057693],
[20.887792308902444, 20.84015307357627, 20.84015307357627, 20.84015307357627, 20.792816541934407, 20.792816541934407, 20.792816541934407, 20.785615605345846, 20.783307303035528, 20.65525396407284, 20.65525396407284, 20.65525396407284, 20.65525396407284, 20.65525396407284, 20.65525396407284, 20.65525396407284, 20.65525396407284, 20.65525396407284, 20.65525396407284, 20.65525396407284, 20.65525396407284, 20.65525396407284, 20.65525396407284, 20.65525396407284, 20.65525396407284, 20.65525396407284, 20.65525396407284, 20.65525396407284, 20.65525396407284],
[20.80805612624405, 20.774717119102824, 20.73662093733989, 20.73662093733989, 20.73662093733989, 20.73662093733989, 20.73662093733989, 20.73662093733989, 20.73662093733989, 20.73662093733989, 20.73662093733989, 20.73662093733989, 20.73662093733989, 20.73662093733989, 20.73662093733989, 20.73662093733989, 20.73662093733989, 20.73662093733989, 20.73662093733989, 20.73662093733989, 20.73662093733989, 20.674751013275603, 20.674751013275603, 20.674751013275603, 20.674751013275603, 20.674751013275603, 20.674751013275603, 20.674751013275603, 20.674751013275603],
[20.622676423286233, 20.622676423286233, 20.622676423286233, 20.622676423286233, 20.622676423286233, 20.622676423286233, 20.622676423286233, 20.622676423286233, 20.622676423286233, 20.622676423286233, 20.622676423286233, 20.622676423286233, 20.622676423286233, 20.622676423286233, 20.622676423286233, 20.622676423286233, 20.622676423286233, 20.622676423286233, 20.622676423286233, 20.622676423286233, 20.622676423286233, 20.622676423286233, 20.622676423286233, 20.622676423286233, 20.622676423286233, 20.622676423286233, 20.622676423286233, 20.622676423286233, 20.622676423286233],
