[598223179.1761383, 440060253.8280834, 335357609.00499284, 234884679.9686472, 189429806.2021374, 116762273.96309735, 102166283.07163927, 79495814.92039211, 61157128.61674012, 39653902.42784096, 30128783.85523266, 26942399.998790257, 16563566.837464482, 13321560.59011225, 10599417.378525026, 8029777.432872256, 5480166.885391829, 3919593.050956527, 2865089.6834598426, 2330475.636366322, 1573931.9292041718, 1247039.3003649141, 945861.7610294507, 713375.0748475833, 551194.4150185375, 440607.9752937281, 349255.8280187131, 274611.7497376666, 231114.9218278108], 
[568873157.6108261, 473887992.54478896, 343047169.6219193, 295508826.9720985, 197542495.07174075, 155659519.32690477, 116234722.6011514, 88393410.30190326, 63610508.33426167, 48414501.477417484, 31026040.191759754, 22636564.4578427, 17637323.229953364, 14660834.883265458, 10055183.035222458, 7494021.265355272, 5781754.63667851, 3709202.6023195474, 2666216.6801275737, 2060304.0562127822, 1751781.008082253, 1249760.8359743785, 946380.9382757278, 747046.8410769213, 609707.3071915372, 437883.3735461146, 326498.12313251995, 266126.3321642577, 223853.32082933025], 
[581563831.9507895, 439355485.33795816, 361617912.0296682, 245042603.60841393, 183553167.46893102, 145935575.06799397, 112331292.65476286, 77526884.04673707, 54407576.14076963, 36714306.08166604, 26887957.348951176, 23117906.141705345, 17309500.64447046, 12649903.069031557, 8345508.702250677, 5995887.786002838, 4308093.274145168, 3384346.3059955584, 2846670.8810319477, 2089476.4107008332, 1381997.2518664382, 1221767.4100830387, 822026.8110261494, 636291.8617169983, 405096.59544505156, 388607.33331493434, 283394.3488357532, 225111.92619845344, 193826.5899597459], 
[548789763.5714909, 432358649.3603182, 302434433.6768872, 222517033.02872404, 179548974.1699482, 138897995.47724837, 100349527.89714234, 80184145.59071432, 61785020.304012656, 45930434.82793326, 31429791.991335258, 24574249.216879126, 16042241.730664184, 11601573.323904214, 9851360.882527374, 7478941.304620555, 5572225.058680145, 3733867.947765057, 2989979.0559685873, 2474392.9159052093, 1749110.4008227687, 1434182.4844651588, 1033838.8152088331, 737773.5220414118, 580990.2064771681, 459713.40811949386, 375531.6198312736, 252136.8607334415, 220019.70866904833], 
[573037614.3150691, 456881644.7066303, 336675248.4142607, 242684868.14555603, 183912297.93634772, 142510629.61993572, 94790580.43286465, 73138946.93131076, 56503124.00150881, 45236700.67302225, 28492589.331404578, 20947565.686667923, 14704105.367504299, 11337933.963650528, 10099647.350541746, 6914961.26773423, 5330459.332027947, 3857534.9089108957, 3335696.848985411, 2352874.3563126493, 1678120.2834649498, 1439780.7761485956, 1068005.651861831, 756746.5150154955, 604307.9115580834, 471375.96093437716, 355767.7607786105, 276569.2140410893, 216800.2635942235], 
[598471638.9873313, 437840409.98782355, 355797968.2244394, 282194474.0280039, 237713387.73121104, 153030957.16158143, 125308030.93340473, 94689281.68028449, 57893153.94971926, 52144977.95837445, 40282988.369649805, 31040433.631916203, 21308831.801722556, 16630538.41460625, 12359087.441919174, 8942374.450612148, 6356251.578409365, 4869766.137475034, 3474902.731445741, 2801394.4459941825, 2041256.5693488515, 1550374.4025461166, 1142247.2033261904, 768998.8551320055, 619876.9235573604, 504053.0301286369, 393950.4901275072, 290924.0435870959, 240341.25452356573],
[601341201.1383681, 498560770.3472015, 389071735.39675486, 271740273.5473452, 195954889.88016832, 155303320.63442263, 110679470.76584706, 93039589.56561373, 67746417.6198089, 50369766.34700963, 36682018.4326539, 28206265.765491612, 23109856.654586174, 16181439.34397411, 12565828.575234964, 9592478.100196911, 6428854.083241391, 4798180.251111675, 3621704.44620147, 2495357.0015858007, 1686851.0486124658, 1255822.1125764137, 900332.205451152, 771810.5998533199, 573966.9219902293, 459566.539053622, 327269.200907341, 264627.82514264376, 203141.16821133165],
[551808463.3803086, 435536054.9620402, 339055471.11087394, 248868401.81313133, 178940258.85150558, 144435034.08021808, 95335613.98862849, 69586248.9766308, 60415935.36366119, 41897682.43558951, 31136524.17952205, 24107851.693469234, 19117314.63172878, 13168377.924108641, 9285110.421956372, 7522339.280207037, 5618396.090658811, 3763794.428089634, 2713452.8871182594, 2306006.3415816114, 1708373.3956732596, 1194759.888449065, 788904.3517782758, 534778.0201349456, 472475.3759474939, 390230.53054091276, 267155.4782999461, 223902.95542636706, 186709.61702917085],
[549197103.2798958, 457844580.13333094, 369299995.88092583, 287298229.06948775, 228851588.00093022, 163743623.22172457, 116820927.37908794, 102754134.97273324, 68982768.13588174, 52445369.37237337, 39193356.1314269, 29594075.43407698, 24062946.333347812, 17852373.900850926, 12876746.369307673, 8168617.335798147, 7143848.858653371, 4820952.58345455, 3642307.1616807, 2670413.858415176, 1789277.6069184644, 1789277.6069184644, 1304849.7949206783, 832311.4830198517, 616483.0520241294, 489230.02825758886, 413028.07506495883, 310989.5597376765, 237936.52749283513], 
[638247622.8708513, 480460575.9915939, 364420589.00028247, 291218078.55348444, 196093310.11936235, 154128603.6829488, 111658239.47722112, 76495485.1999028, 64093700.2708509, 44550585.76713808, 34928261.298909195, 24219204.548367664, 17713232.41033243, 14308313.127012845, 10609368.37479775, 7729206.42417773, 5520758.183554769, 4487563.281638693, 2902746.5174902994, 2257614.0870483876, 1649656.9753816787, 1287961.180076004, 852538.565431822, 651049.7575817156, 478868.38701256935, 327590.00373093924, 243914.5426090108, 222768.14599742115, 186923.65848587322], 
[562761069.6304545, 428406259.8793369, 347683932.61296904, 241892324.90888235, 188051794.05876306, 136223243.77949426, 103218748.90711215, 75460034.42586344, 57006756.363649935, 35386429.575623445, 28856718.82920699, 19232971.494498912, 16411409.653241195, 13068845.744787853, 10403533.245244922, 7682764.8465340305, 5542787.618556729, 4118015.9685965446, 3189108.719494566, 2225958.2179158498, 1732486.267447232, 1129111.6705031537, 957718.8533038798, 829850.6820259579, 598957.8600206381, 468358.16137803975, 314267.4361296393, 251996.0757030292, 205368.39862353078], 
[572713511.8118775, 489469076.7153378, 344160893.075786, 273859793.8107951, 190683833.52535802, 154314961.7014877, 110795443.74911982, 87673168.59672849, 70537230.50711796, 43177636.65054403, 26172091.960802503, 21484882.591223177, 20410486.061728414, 15842433.200217808, 12159811.586763192, 8668710.01533587, 6098940.910077101, 4813945.069149323, 3293999.6805656794, 2425990.412092036, 1659332.663506052, 1433583.20057625, 980586.3114116036, 844036.5140497306, 667737.7021228462, 511161.2164668897, 351566.9753315557, 257228.00591114274, 168847.11492581788], 
[596970806.8999815, 462224921.3251022, 354209458.35675377, 298926714.81755507, 217363064.06991112, 161159169.36327994, 122560657.98068647, 90872557.94021712, 63799775.96771549, 42067741.50114229, 36779221.561394, 25991644.812260486, 18741067.455550175, 13899862.035321899, 10621685.025548527, 8013926.126834502, 5990603.7534041, 4224755.909570297, 3283580.999752451, 2296532.4518883303, 1850963.8120770422, 1299684.4546456758, 1086710.4587374495, 796821.2958988072, 656506.9502138464, 506880.0301113636, 366590.5554252206, 284370.74117748917, 221648.36684360163], 
[621806940.6029986, 521893726.79465085, 386498859.07251066, 310527099.6813385, 225250132.3930998, 183491796.83030713, 136093814.56009406, 101380958.27259189, 71892949.7578631, 55135650.15366796, 42065668.41744187, 30857198.48483892, 22258334.19122025, 18769829.49805045, 12920234.733242236, 9947440.085216796, 7285994.097449644, 5165105.880150372, 4132215.666194028, 2691767.95115446, 2284284.4780484196, 1644836.2131288408, 1451750.6079715798, 946665.8818114046, 683939.5785131425, 543625.7575496044, 514229.2214926986, 412900.4441588694, 319024.3375279916], 
[567339860.3336331, 473712287.6150477, 347008223.4729144, 261764013.90748215, 193176749.94211972, 160527191.97686055, 108635457.49709637, 86115403.20311242, 69572926.94647714, 49370044.586126104, 34819899.88513906, 24420048.93404195, 20090728.150408067, 14796869.019241277, 11784413.130560828, 7990738.605291442, 6127097.629116542, 3877917.7320345235, 3447497.576679264, 2460894.0548188332, 1825564.9161988215, 1408236.2484014889, 1142582.1213537476, 761220.4501384351, 595118.5936509593, 464263.8056076395, 365230.4949447629, 238990.6746007603, 193259.79916631646], 
[607911842.1971669, 446869067.3794619, 373658311.2134849, 283741316.37533885, 210586046.23736355, 142923939.5683163, 110416145.42182148, 83213864.52637954, 63558613.39984096, 44920729.56581582, 30898779.158686418, 26127464.780478295, 18581723.364330947, 14189371.028630162, 10323613.228449237, 7356090.460732899, 5692640.523572789, 3970741.3571987334, 3166279.0062564206, 2523108.0274198046, 1833351.928615858, 1547737.5034302378, 1090557.0392399908, 841101.5486682877, 607690.3738636008, 501441.1528492915, 349914.4872864217, 296633.44053045096, 197903.30478078022], 
[552050688.1482385, 435215761.18625164, 311422657.49266887, 254836040.799333, 189501854.85751453, 148856942.5705608, 114361818.07519503, 90140440.64395599, 59889317.55501275, 41904604.80779696, 37716913.59426933, 24606237.263977956, 16704094.486518918, 14407370.77150627, 10798765.987801122, 7382977.064021987, 5167749.024752537, 3768302.440750428, 3117158.7511078585, 2222567.4412238128, 2020839.745135648, 1277994.6175540944, 901406.7406146915, 623008.4564016745, 492623.50852685666, 405710.0972303177, 360498.29749324993, 276930.5821872133, 192264.26750989264], 
[636684554.0500059, 477990303.3249304, 336303208.5820028, 244462952.86104026, 210635953.09329203, 144969613.1889168, 107227040.15544547, 82650896.46689506, 61755624.20284003, 47557430.49857731, 37654001.57757116, 24990362.859580513, 17003143.519419927, 12746146.920333507, 9039860.451062953, 6661817.862700633, 5510667.508090136, 3538425.338609338, 2763707.773759155, 1962387.5703424232, 1357364.786181194, 1027051.3520340675, 671816.5083497234, 615805.4068809948, 440079.3764174284, 338921.37939774536, 274870.69455113116, 210125.5094266658, 174975.14073446766], 
[553888517.8661944, 449032913.08866763, 327490906.19316643, 237895125.2703776, 204712561.89254412, 157060554.93830144, 116587885.58251652, 89821864.68925804, 63069043.462864034, 47025292.011254296, 36775528.668527074, 26518887.468958896, 15617229.76924995, 11353771.872300211, 10166954.841969766, 6950645.867365372, 5148189.190756754, 3365256.169652013, 2406536.989873065, 2074777.5770143585, 1323414.1161217156, 1150278.8206585774, 846125.325284467, 756868.885148211, 542377.4011517953, 417355.0149085075, 303960.04355432244, 280976.3059715895, 214978.7572337853], 
[570044090.2373065, 497731499.25346357, 407349533.8870722, 306864091.9260805, 232450620.31516483, 170537523.43194833, 129638133.41471131, 85882433.56739353, 62678922.72912107, 50379278.60000453, 37216708.11227556, 29289067.51765862, 20606147.43953928, 16322647.724191237, 13372334.552465543, 9680847.595550267, 6933188.673903037, 5524621.40509947, 4052424.6052761963, 2744551.1345134154, 2078224.3938243657, 1748597.0717484662, 1169224.4341377267, 1034670.3030479203, 797248.064514961, 640308.8116268733, 515981.83809080016, 385028.88356678624, 288800.5146017307], 
[612649747.1045126, 446904234.5845613, 329162599.1591441, 259380527.3211895, 199053727.98404205, 143773705.11109447, 119219144.2209786, 84049829.2317532, 70421987.07889582, 53728628.394399524, 38877289.51067082, 28079172.483683854, 20841346.677374456, 15568296.580760818, 10666419.087690655, 8106978.528639224, 5687343.79621609, 4608407.436626978, 3223647.385362675, 2289648.4981547887, 1492885.3283694596, 1407451.4421059326, 1026676.4952031159, 603247.2980845205, 505118.89542191906, 385670.630212197, 375796.84499800374, 272048.1908629949, 201981.11394695283], 
[608334003.1773185, 482341327.07652634, 381457005.89379877, 276306109.71878546, 231314354.05531397, 160748170.06813067, 128482046.70696443, 88431869.80384097, 61950801.593235075, 48554866.71994014, 36797992.88876408, 26516785.0085655, 17653230.730341613, 15884207.499673778, 11583585.274238532, 8419054.589327147, 5674769.921214048, 4866645.144644552, 3607924.9029819528, 2871935.367392541, 2222268.4717348344, 1652047.6180627057, 1207136.5443201317, 876000.0067865956, 661446.9961973045, 470405.83159465576, 307192.75376112806, 276579.08970318787, 221065.98483968247], 
[570371000.3524721, 414274023.98388, 354161460.399299, 254718847.65857798, 195237756.65809125, 127665309.63390148, 99635885.09781384, 76508481.01924102, 62206135.01365911, 40253810.25394778, 28139853.42008424, 21621688.302854408, 16078870.595308775, 12521869.466427429, 7804370.593023343, 6691377.5661175465, 4912304.246434759, 3911986.94626132, 2460256.563461963, 1851101.6046507508, 1690375.904699532, 1329321.620988053, 909539.1624652642, 730614.7229258614, 523374.7649813577, 379205.55497733667, 343689.92167923134, 269668.2318815349, 194969.83966407395], 
[601805242.7552575, 418378922.2044414, 357659742.57939184, 268026371.29371846, 215947810.47208667, 167135703.08734986, 143583638.57852364, 98749801.63278359, 81693019.55883159, 55452643.607205756, 44144131.8621543, 31287888.615587994, 20325631.793856874, 16485501.279351786, 13331578.608768582, 9981691.108812122, 7245839.825112029, 5161073.041011307, 3918407.1649700566, 2771488.5932925045, 2370273.670490199, 1456032.6295760355, 1156557.5252509199, 882334.413872671, 639429.8849957617, 495857.21151602175, 400329.93577305146, 305256.4597432368, 221127.2748015139], 
[562761069.6304545, 428406259.8793369, 347683932.61296904, 241892324.90888235, 188051794.05876306, 136223243.77949426, 103218748.90711215, 75460034.42586344, 57006756.363649935, 35386429.575623445, 28856718.82920699, 19232971.494498912, 16411409.653241195, 13068845.744787853, 10403533.245244922, 7682764.8465340305, 5542787.618556729, 4118015.9685965446, 3189108.719494566, 2225958.2179158498, 1732486.267447232, 1129111.6705031537, 957718.8533038798, 829850.6820259579, 598957.8600206381, 468358.16137803975, 314267.4361296393, 251996.0757030292, 205368.39862353078],
