[8277.276532314354, 8231.015362267362, 8231.015362267362, 8231.015362267362, 8159.993208515295, 8159.993208515295, 8159.993208515295, 8150.1448293916765, 8150.1448293916765, 8092.076114419589, 8092.076114419589, 7978.483071579725, 7877.4045225674945, 7877.4045225674945, 7877.4045225674945, 7877.4045225674945, 7877.4045225674945, 7877.4045225674945, 7858.104131267637, 7679.405113107323, 7512.331800513214, 7512.331800513214, 7512.331800513214, 7512.331800513214, 7434.665869869924, 7434.665869869924, 7434.665869869924, 7434.665869869924, 7434.665869869924], 
[8630.354404012362, 8428.814914244707, 8428.814914244707, 8211.794010713567, 8211.794010713567, 8211.794010713567, 8137.283221747618, 8137.283221747618, 8137.283221747618, 8038.166939682503, 8038.166939682503, 8038.166939682503, 7716.321072667939, 7716.321072667939, 7716.321072667939, 7716.321072667939, 7716.321072667939, 7716.321072667939, 7716.321072667939, 7692.6400486606235, 7692.6400486606235, 7692.6400486606235, 7663.822180309, 7611.4575488871305, 7550.241025833498, 7550.241025833498, 7486.33922079601, 7486.33922079601, 7486.33922079601], 
[8726.799173036236, 8491.65365420315, 8373.473509963964, 8373.473509963964, 8373.473509963964, 8183.116921634282, 8175.522058595556, 8047.319290531189, 8047.319290531189, 8016.861964770198, 7855.132237999391, 7855.132237999391, 7855.132237999391, 7771.220894842812, 7771.220894842812, 7771.220894842812, 7714.636590971516, 7714.636590971516, 7714.636590971516, 7714.636590971516, 7456.323711608653, 7456.323711608653, 7456.323711608653, 7456.323711608653, 7456.323711608653, 7456.323711608653, 7456.323711608653, 7456.323711608653, 7456.323711608653], 
[8469.900124703508, 8469.900124703508, 8397.938763225826, 8268.977766226746, 8237.791471921644, 8097.271367134094, 8097.271367134094, 8097.271367134094, 8097.271367134094, 8097.271367134094, 7980.755058843246, 7980.755058843246, 7922.039752215428, 7922.039752215428, 7922.039752215428, 7922.039752215428, 7800.804430509949, 7800.804430509949, 7792.381431129287, 7792.381431129287, 7792.381431129287, 7643.158027412142, 7643.158027412142, 7643.158027412142, 7643.158027412142, 7521.175627241503, 7521.175627241503, 7482.936474173691, 7482.936474173691], 
[8584.835136749502, 8528.373218658497, 8469.122052128534, 8355.757952711469, 8290.527002919622, 8249.79792791887, 8100.473404045789, 8056.510978648851, 8056.510978648851, 8056.510978648851, 7955.6592520828435, 7892.716051240082, 7892.716051240082, 7892.716051240082, 7892.716051240082, 7892.716051240082, 7892.716051240082, 7563.028920480383, 7563.028920480383, 7563.028920480383, 7563.028920480383, 7563.028920480383, 7563.028920480383, 7563.028920480383, 7563.028920480383, 7563.028920480383, 7563.028920480383, 7518.486967012384, 7518.486967012384], 
[8459.082102094004, 8459.082102094004, 8366.141213172466, 8246.899768729038, 8216.69862778516, 8216.69862778516, 8216.69862778516, 8216.69862778516, 8136.204212530837, 8017.581285713975, 7845.825013658981, 7845.825013658981, 7845.825013658981, 7845.825013658981, 7802.097283812609, 7767.842588414365, 7767.842588414365, 7767.842588414365, 7663.885951699882, 7663.885951699882, 7663.885951699882, 7663.885951699882, 7663.885951699882, 7663.885951699882, 7663.885951699882, 7504.7011619932755, 7504.7011619932755, 7504.7011619932755, 7504.7011619932755], 
[8626.587887642168, 8448.405037556353, 8191.654352143477, 8191.654352143477, 8162.318166537706, 8162.318166537706, 8139.799605181775, 8139.799605181775, 8071.79185449028, 8071.79185449028, 8071.79185449028, 8037.134109467968, 8037.134109467968, 7993.473061734163, 7925.099498331102, 7921.9055407085725, 7821.262651748822, 7713.737356909184, 7713.737356909184, 7713.737356909184, 7605.540174279331, 7605.540174279331, 7605.540174279331, 7605.540174279331, 7561.379533404863, 7561.379533404863, 7561.379533404863, 7561.379533404863, 7561.379533404863], 
[8711.861656297539, 8476.31710427505, 8476.31710427505, 8382.468267067938, 8359.117192820962, 8359.117192820962, 8275.831359132066, 8275.831359132066, 8171.742056645397, 8171.742056645397, 7678.990065160383, 7678.990065160383, 7678.990065160383, 7678.990065160383, 7678.990065160383, 7678.990065160383, 7678.990065160383, 7678.990065160383, 7678.990065160383, 7678.990065160383, 7678.990065160383, 7568.8628271061325, 7568.8628271061325, 7568.8628271061325, 7568.8628271061325, 7568.8628271061325, 7568.8628271061325, 7376.238960012137, 7376.238960012137], 
[8595.399932102817, 8566.123466153565, 8506.076934856246, 8261.730789684276, 8253.259741025777, 8081.265288798246, 7862.41788873057, 7862.41788873057, 7862.41788873057, 7822.469599704315, 7822.469599704315, 7822.469599704315, 7822.469599704315, 7822.469599704315, 7822.469599704315, 7822.469599704315, 7822.469599704315, 7672.007930501369, 7672.007930501369, 7672.007930501369, 7672.007930501369, 7672.007930501369, 7672.007930501369, 7672.007930501369, 7672.007930501369, 7432.030876333152, 7432.030876333152, 7284.653756745266, 7284.653756745266], 
[8575.975183574108, 8575.975183574108, 8180.4971388375425, 8180.4971388375425, 8180.4971388375425, 8180.4971388375425, 8180.4971388375425, 8180.4971388375425, 8096.614982745214, 8096.614982745214, 8077.607973955155, 8077.607973955155, 8077.607973955155, 8077.607973955155, 7859.899366878675, 7859.899366878675, 7859.899366878675, 7545.841615400682, 7545.841615400682, 7545.841615400682, 7545.841615400682, 7545.841615400682, 7545.841615400682, 7516.497838232673, 7516.497838232673, 7516.497838232673, 7498.126366718059, 7491.916478520369, 7436.7091140302755], 
[8347.794999517735, 8347.794999517735, 8313.373111913335, 8147.161287150228, 8147.161287150228, 8094.885190751066, 8094.885190751066, 8094.885190751066, 8060.523581025512, 8060.523581025512, 8060.523581025512, 8046.7712465782415, 8011.431548109405, 8011.431548109405, 8011.431548109405, 8010.872262939166, 7968.401354416386, 7673.556935971651, 7673.556935971651, 7673.556935971651, 7673.556935971651, 7673.556935971651, 7555.844748262519, 7555.844748262519, 7555.844748262519, 7490.138719287721, 7490.138719287721, 7490.138719287721, 7490.138719287721], 
[8444.30137982782, 8444.30137982782, 8184.526017437796, 8184.526017437796, 8184.526017437796, 8184.526017437796, 8184.526017437796, 8184.526017437796, 8061.549659572929, 7993.044571112335, 7993.044571112335, 7993.044571112335, 7993.044571112335, 7815.480373252978, 7815.480373252978, 7739.572754651043, 7739.572754651043, 7716.676030114317, 7716.676030114317, 7716.676030114317, 7698.659429885418, 7698.659429885418, 7698.659429885418, 7479.276214624109, 7479.276214624109, 7479.276214624109, 7479.276214624109, 7479.276214624109, 7367.235265836075], 
[8501.254245242955, 8501.254245242955, 8256.711834291369, 8256.711834291369, 8151.551515308528, 8151.551515308528, 8151.551515308528, 8151.551515308528, 8151.551515308528, 7953.249952646957, 7953.249952646957, 7953.249952646957, 7838.599296120722, 7838.599296120722, 7838.599296120722, 7821.3918592255795, 7821.3918592255795, 7785.570138812358, 7681.647790631582, 7681.647790631582, 7681.647790631582, 7681.647790631582, 7677.54733213041, 7677.54733213041, 7677.54733213041, 7677.54733213041, 7534.032006818122, 7395.913829323399, 7395.913829323399], 
[8623.695150511678, 8512.960954522894, 8510.416423618963, 8427.02512359876, 8416.061353931356, 8320.208361988989, 8162.685532285419, 8162.685532285419, 8029.1998489682255, 7914.276956948102, 7914.276956948102, 7914.276956948102, 7914.276956948102, 7914.276956948102, 7914.276956948102, 7882.980078084894, 7780.0841431883455, 7780.0841431883455, 7780.0841431883455, 7780.0841431883455, 7774.971758094969, 7774.971758094969, 7774.971758094969, 7597.223471214998, 7597.223471214998, 7597.223471214998, 7597.223471214998, 7448.195373114312, 7448.195373114312], 
[8681.820300666277, 8542.508561710569, 8516.152829872726, 8462.332797735799, 8395.352505504476, 8170.724720127038, 8111.393846255932, 8111.393846255932, 7923.221076514688, 7923.221076514688, 7923.221076514688, 7923.221076514688, 7923.221076514688, 7923.221076514688, 7923.221076514688, 7923.221076514688, 7923.221076514688, 7895.031113374832, 7771.682584172007, 7771.682584172007, 7771.682584172007, 7771.682584172007, 7736.781462804803, 7698.979784076542, 7698.979784076542, 7645.671815378482, 7588.6819199653255, 7588.6819199653255, 7588.6819199653255], 
[8673.610586739269, 8629.783245810362, 8423.011995987821, 8421.797628396225, 8102.161041662526, 8102.161041662526, 8102.161041662526, 8031.75707475439, 8031.75707475439, 8031.75707475439, 7995.636802562121, 7766.239905212222, 7766.239905212222, 7766.239905212222, 7766.239905212222, 7766.239905212222, 7766.239905212222, 7766.239905212222, 7766.239905212222, 7621.40596676841, 7621.40596676841, 7420.1966716808265, 7420.1966716808265, 7420.1966716808265, 7420.1966716808265, 7420.1966716808265, 7420.1966716808265, 7420.1966716808265, 7420.1966716808265], 
[8404.223511270256, 8347.449055871197, 8347.449055871197, 8332.806845152598, 8332.806845152598, 8137.081962548765, 8137.081962548765, 8137.081962548765, 8137.081962548765, 8137.081962548765, 8137.081962548765, 8057.085325328346, 8007.761280421495, 8007.761280421495, 7955.916407095404, 7876.075055108401, 7847.473096668865, 7669.386849652472, 7669.386849652472, 7669.386849652472, 7669.386849652472, 7577.378222496493, 7577.378222496493, 7577.378222496493, 7577.378222496493, 7486.011026021437, 7486.011026021437, 7368.897152192943, 7368.897152192943], 
