[5349941003.957648, 4611354553.001309, 3975755937.1385155, 3230494617.485369, 2572648302.579504, 1891361669.566603, 1399851013.3358657, 874368790.7858794, 681463596.5979924, 561911160.3036394, 408049465.6535014, 294658819.6674488, 210746839.65074116, 158854223.25584513, 135279185.7750507, 103616088.81988963, 71834085.57425883, 51883435.62965616, 40276509.945128106, 31434775.589404155, 22849350.151761282, 18890559.548495386, 14374912.303626092, 11078738.202834131, 8011260.068824369, 5923241.250303932, 4252546.713081262, 3654398.655416165, 2905284.4361432153], 
[5618546937.1763935, 4704424304.508608, 4151047848.758387, 3422993820.290055, 2770632960.9769406, 2076817415.45504, 1481602385.9876552, 1142074830.9303856, 852686243.1331514, 624174998.8554516, 362395770.0702988, 308845564.9028417, 239732927.8037672, 171189319.24742034, 103450905.16375357, 74086008.02917431, 61188430.724932835, 48179785.772633806, 31280421.689047936, 24489461.752987813, 18558999.386743136, 12825237.011254981, 10879671.274473047, 8210493.144757965, 6271061.059079783, 4534961.173296913, 3954465.9466621433, 2886001.3474785974, 2218604.87120569], 
[5396789603.820651, 4213513187.503645, 3633031539.240577, 3544724753.368613, 2401312247.1036253, 2150963638.2888856, 1579379722.546378, 1198935762.0276945, 916025272.574947, 692180323.4272853, 533094668.5960233, 399547374.30325216, 285690892.875615, 217169704.071666, 157136111.4833711, 109971084.88865958, 77988367.3005403, 67845751.84280036, 47553015.06572962, 32119978.937600132, 29648755.304153346, 20736733.282875814, 16407652.697567577, 12251590.496999709, 9702546.43579428, 6942848.937558746, 5370802.34483059, 3338656.8171840142, 2437066.1516146753], 
[5335668039.031723, 4667993093.895853, 3989172785.9839163, 3236609970.396124, 2495998496.325195, 1837407523.6016593, 1462881036.6894543, 966299689.0752486, 861371207.6824573, 644946260.7736098, 484267128.652675, 366359157.3107576, 282787447.3728119, 207464308.51467103, 155882343.10329673, 101262028.20452075, 84214803.45084302, 60342416.6865545, 42931877.71990484, 31590032.98164476, 25713664.492770042, 19302974.617804084, 14364086.378931303, 10099924.482459983, 7492241.461385597, 5398213.6105971085, 4034144.515699656, 3102794.8732971963, 2427279.548153013], 
[5227951484.675862, 4480754253.418337, 3993269419.365575, 3176117424.3914194, 2585881107.5919714, 2089153179.7174628, 1435377800.0897536, 1163035920.5266085, 714554878.2160808, 631147122.3885602, 397146694.9648755, 298379221.93881667, 229151722.01133755, 171451110.01418275, 112390643.70348805, 100415044.22005904, 70180195.88106816, 51281840.37260131, 40772496.18525805, 29638491.226328168, 18303192.375535946, 16164298.074395776, 12449759.024166351, 8903454.212686718, 6476880.29252874, 5328087.408178225, 3958168.525848197, 3373363.7252124646, 2444821.7356572244], 
[5362990170.020325, 4448957466.150963, 3860624376.389506, 3105612665.680873, 2314688309.4933095, 1922108809.121771, 1353848029.72953, 1152047618.6513999, 784600369.0108774, 642601142.6398119, 481331461.16487354, 350225251.7076692, 276578719.6324753, 193406823.48933265, 143846838.46790287, 117333075.4089917, 86748935.11488838, 61518899.8717051, 48026486.40406597, 35750095.10538618, 20077389.724651553, 17796791.99324046, 13559796.115783429, 9766997.219740577, 7372831.539718725, 5607363.909908192, 4094634.4976612646, 2934036.644401461, 1936532.3110324128], 
[4738200266.62847, 4239170177.836714, 3972528562.6747527, 3221485171.6664343, 2148122524.5765495, 1837556283.0357835, 1372468558.241101, 1199987661.7003827, 863710017.140442, 601282446.7956369, 415039412.4163607, 298436721.9434051, 214929386.49246824, 160662073.25547755, 104330370.34361073, 83117543.28842664, 72505030.88842365, 52579783.53423347, 37621694.157591715, 27588764.93257949, 21325946.345188506, 13235865.112569792, 9428905.408491267, 7247912.559520694, 6210026.113409005, 4579132.065500109, 3402667.604758353, 2673956.9748229627, 2056419.4296478522], 
[5506045238.660685, 4666931431.049719, 3903293901.494699, 3800442377.3254433, 2922691338.3310018, 2372449440.139089, 1850221208.0868871, 1313929890.7200787, 1011126273.4064708, 831476673.9391402, 589869542.3445767, 433027875.0396548, 367204273.451986, 251561174.51000756, 155306622.51196507, 141146379.2148437, 110544362.70951018, 75452819.76525407, 60460991.77930386, 43986112.86774696, 31361134.64363609, 24767770.957640883, 20440093.230944593, 16048355.444838256, 10723522.385520644, 7729705.963317114, 5553425.5782648595, 4566790.698016799, 3477195.1361085833], 
[5766620579.082201, 4733074701.949828, 4085500216.7816677, 3315323099.9056764, 2673953947.941195, 2027091987.2432694, 1415825663.6459868, 1119377776.3701339, 847723472.6238295, 685001165.6262364, 528316614.6600762, 387165256.5813973, 299347690.9054455, 197314043.04809016, 162279971.5327039, 109047878.45495935, 77208186.26958562, 63100682.17509748, 43525884.203740664, 32260453.403472714, 25639652.479733802, 18285162.02701771, 12566558.094545223, 9898278.22407124, 7684527.345004708, 5894894.754666528, 4136368.4241701607, 3873237.623982459, 2506989.116968679], 
[5539252372.549123, 4876542334.67075, 3899260012.758949, 3339443387.776448, 2584876719.4329076, 2183543145.195894, 1455165743.0212672, 1094908283.9289353, 826666245.3972292, 615914615.3887666, 475383211.18629813, 331480416.3568224, 261916972.48779994, 185091539.7422058, 142436666.8242193, 111354456.11569913, 82413090.08210212, 58320760.99743519, 44514013.73711828, 35538249.06248609, 24636525.626483817, 18384842.03845684, 13827789.168252585, 11228764.864706125, 7539354.056818827, 6071368.7914627185, 3941645.113534387, 3013220.5164248925, 2400610.0794062084], 
[6029858001.828545, 4793491049.614989, 3936901740.8808136, 2946591223.0138006, 2310429714.0413623, 1859460919.6171603, 1474899187.171171, 1001438113.1994245, 800300293.4848644, 589843396.7379414, 371746888.72479963, 303458426.3384658, 201559184.93004856, 165126140.82026416, 126811205.98056976, 91977885.98180749, 64996995.33879347, 50602503.492273346, 35792393.880596794, 26063760.193129316, 19328349.851639863, 15026250.912275273, 10853687.712528605, 8829558.25750401, 6505550.529499902, 4366960.909354335, 4158855.2963943454, 3208267.75605736, 2276885.9134460837], 
[5201076122.154882, 4681837944.466186, 3645296028.2835503, 2703890119.0746155, 2472172849.5511937, 1820197025.078171, 1525661956.1491346, 1115547143.8018577, 784261276.8271797, 610072986.6683005, 432197580.5456219, 286045583.12179303, 246301083.85063252, 167625783.44325775, 138345802.10843855, 97337792.6296606, 82126667.76981357, 59707636.286825724, 48865684.87142261, 37120691.86744299, 26472272.518982522, 21782404.831523385, 15727010.919502584, 11355982.55414666, 7368298.7446585065, 6333907.813643284, 4673087.252247961, 3442741.0716176988, 2864334.571194493], 
[5497218107.150475, 4927922080.397603, 4004520368.315885, 3079480321.340666, 2641646654.415095, 2071237126.8784213, 1430916537.7477484, 1084067594.6499045, 799870824.7534904, 573926526.3569474, 495374116.4441891, 390958817.1560785, 267737613.0915803, 203587219.68723634, 150817247.54892746, 111460584.15576805, 82427440.05993398, 61074682.308182046, 44788352.17301785, 33213099.224050328, 23601215.024465874, 17941111.13842051, 11704931.69025979, 10243688.105079643, 7591273.155448114, 5633446.1395469485, 4517804.145189165, 3045937.0842411555, 2348372.779334782], 
[5096575671.243504, 4739645508.379054, 4091771002.0666313, 3422276129.056699, 2791196299.3859105, 1624838734.8737545, 1374400839.104233, 1114534094.3061826, 933654739.2262688, 681141276.3112661, 566019213.8919413, 402279251.4079615, 273339294.98007226, 215577749.2854351, 157854701.9679766, 115291234.11845128, 83047937.62363867, 64707837.21850139, 48947869.12711112, 36881102.476356566, 25580319.239359893, 19838306.593822345, 14041496.74855844, 10894382.338291252, 8159288.704720863, 6209900.324306983, 4944008.4949719, 3636402.299975628, 2935363.7289564023], 
[5274502696.004027, 4797486528.683243, 4135051631.376882, 3259214692.3119435, 2360484937.2892027, 2111590119.4868517, 1593887654.9722776, 1255606813.9085228, 875237257.0722264, 708736477.1799062, 548621307.1216117, 315371411.22537404, 276077565.4246333, 172236413.8095215, 115378665.4350435, 89031718.23992717, 76082280.35583198, 54445702.49133047, 46049324.28651302, 29726090.83834427, 21954527.52980809, 17372518.53067218, 12253357.487588996, 9945385.908162624, 7576971.782906563, 5699759.4464423545, 4230576.540243279, 3266551.6362316427, 2405165.6033931947], 
[5430286345.761677, 4890838598.020959, 4398561238.125981, 3695467015.281121, 2843177242.387277, 2199216692.1845946, 1356738044.3885186, 1303977517.4051425, 856310761.892433, 655606529.3939784, 528010670.1797801, 366753540.6535423, 255886275.64805463, 192757846.28694203, 145541547.79804105, 109494104.74625677, 86728462.61994103, 65764161.8497987, 46626074.52546017, 35242358.17406953, 27147878.85521839, 18878518.721459508, 12886640.649727182, 10983413.200407494, 7456455.234456775, 5365293.820201828, 3942458.1983844275, 3321701.2190771466, 2441200.3257332006], 
[5327356401.605762, 4250204237.3685575, 3901242708.238631, 3080730219.637279, 2594545257.0469413, 1825703964.5498881, 1395111494.7668712, 994775260.0655425, 674050946.8761604, 560572702.2245767, 454799790.7523046, 299942691.37551165, 215344095.8953938, 135698250.47630918, 99376745.30083893, 79857735.68523276, 54032299.99197599, 43518177.77084244, 33326568.86747696, 25171964.752103463, 18982928.057823755, 12797523.85822814, 10354120.740778778, 7631405.866728419, 5391413.1759564625, 3709478.933041934, 3103928.234109764, 2504549.0731103416, 1809514.6310214624], 
[5500810851.832473, 4518600481.316493, 3380754515.948924, 2763083863.5435386, 2337342443.267292, 1800816633.4107788, 1243072398.8753788, 1123502114.4668565, 894196180.5763286, 669778672.0986558, 474669604.6530878, 332140482.5026701, 256142147.95597115, 182330046.4785392, 145991096.905984, 101425275.54593025, 74534438.63256282, 51761028.61005234, 37928834.26438144, 29634956.532191195, 21779048.879487302, 18024851.0083982, 12734610.034490334, 9243457.062134594, 6637417.865732765, 5771913.632868043, 4283905.024679919, 2976492.859326435, 2165856.8840310248], 
[5221986826.294632, 4722779591.983532, 4114786825.324715, 3365938219.9610844, 2600446293.907899, 1814198064.0078695, 1352573241.5389464, 1064672820.7898568, 808186269.2996347, 576125644.8062963, 407059929.9745932, 266421824.86995, 187080667.61324894, 145789914.6157664, 115464386.90461631, 74557405.83490433, 52643037.35470052, 38967186.38175954, 28858720.330754545, 21651093.419851474, 16977885.232672714, 11385892.837010786, 10064703.087995034, 6860412.135422476, 5054076.327896222, 3760032.1244753064, 2722990.1939502205, 1995140.2944117012, 1723985.1452341364], 
[5904556100.920306, 5024445612.652403, 4254778733.689379, 3274420974.4576797, 2330556304.6999, 2009498708.0426085, 1532985717.345714, 1229518920.4086301, 884282112.3536816, 690867591.00341, 499683789.5798179, 395419272.8279096, 263127451.4392217, 186663716.06522226, 157337326.44133595, 106465855.945676, 79208035.46909279, 68709854.81171791, 49578366.1423661, 40399920.47962196, 29072225.71318779, 21845032.49734081, 15529554.019274931, 12416170.158781596, 8760869.03374117, 6565906.078711736, 5091998.256337037, 4099581.802346214, 3079864.8972727787], 
[5061920021.414818, 4612400844.16829, 3990833711.5692453, 3561683013.3884177, 2324934767.5278378, 1863293442.412947, 1571792601.1508884, 1162066830.5113857, 884299919.888749, 622307322.7302467, 442070435.0599817, 384593984.2296956, 248820293.92250884, 212326938.68669215, 142703525.1780385, 106069026.76623677, 83558343.04199834, 60848189.61936815, 46846235.07756714, 34217115.72425222, 25932176.18899358, 17140965.295509744, 13992232.083895955, 10691054.3881707, 8134650.006165133, 6304721.834693814, 4873232.550505636, 3612120.567889232, 2726554.667311833], 
[5343866924.478004, 4645769671.790105, 3610440875.610891, 2937547455.306471, 2296795458.544514, 1948814150.7818696, 1544287755.6385381, 905449510.2369341, 778199796.1079729, 607549133.2874935, 423745818.0060629, 321070971.73718977, 248510530.12214983, 150692495.56207553, 112434159.06791858, 81225918.73696741, 69042492.09255745, 56040873.02958793, 37875364.84611184, 31048614.69375627, 21989711.894798778, 16507405.495855372, 13887859.70205875, 10325601.499995355, 6606107.72656703, 5105249.67341043, 4281160.060887508, 3394091.4313260745, 2351996.807405119], 
[5372190614.3571205, 4589009908.151003, 3152045881.113854, 2323095559.9208956, 2148798637.0180607, 1605858218.0577645, 1217134292.0256526, 943193900.6432518, 649050888.1533965, 493786626.5624378, 367243433.10729235, 289348275.304997, 189496615.32771924, 154085310.97801793, 108801744.17686911, 81997537.62614915, 62085696.362473555, 36141203.977468796, 31236376.566465337, 21977287.429552007, 15989467.769804405, 13066922.370292665, 8962667.690115286, 5841717.903036649, 4713141.928715105, 3275538.1945339325, 2638006.684589675, 1870817.422597849, 1363197.431072389], 
[5677318386.170779, 4664993253.448323, 3707891226.590048, 2943124520.1985345, 2574378163.4251976, 2031305121.3936718, 1545044131.6581352, 1032288500.0288979, 864173181.3000474, 605080785.7459823, 481261311.0876483, 393639043.44536215, 308060181.9444888, 226135289.3772668, 165400249.39711446, 128093217.33092381, 90076973.87806864, 68931557.43030275, 47246079.85756095, 38140811.910328224, 28611644.761658903, 19547142.61428443, 16252313.114906365, 12188197.173317948, 9653498.10792717, 7230104.288758571, 5697192.366520954, 4248166.750312315, 2934739.763979732],
[5096575671.243504, 4739645508.379054, 4091771002.0666313, 3422276129.056699, 2791196299.3859105, 1624838734.8737545, 1374400839.104233, 1114534094.3061826, 933654739.2262688, 681141276.3112661, 566019213.8919413, 402279251.4079615, 273339294.98007226, 215577749.2854351, 157854701.9679766, 115291234.11845128, 83047937.62363867, 64707837.21850139, 48947869.12711112, 36881102.476356566, 25580319.239359893, 19838306.593822345, 14041496.74855844, 10894382.338291252, 8159288.704720863, 6209900.324306983, 4944008.4949719, 3636402.299975628, 2935363.7289564023],
