[1319614.2054258813, 1237845.9168658725, 1160375.3778491365, 1084748.7558920414, 972470.0077635949, 886763.7079574375, 782307.9336327963, 678254.544334926, 634480.4138670862, 594618.7483805859, 507178.2414122233, 436823.04741613497, 366828.65116855636, 339383.6412369513, 281799.4550133614, 219863.04058119925, 206879.4192685368, 181621.8978776278, 152498.41995728842, 136995.76870024475, 132445.9171160873, 104835.59343480202, 96066.42178900006, 77463.39864610843, 66814.18384020781, 61398.39132654482, 53763.37859126161, 45011.643809482266, 38519.79711508568], 
[1333244.3045180673, 1187451.1999247533, 1111773.8080973758, 1053243.0362775729, 1019630.1430220666, 840268.5020366412, 787041.7374715242, 687520.0363941843, 649088.5011171906, 573758.8607141702, 461479.9271481537, 443456.61361717747, 363872.85565829324, 315279.4464300555, 298088.35906187753, 226704.4475985309, 222615.5567187543, 197503.61278802343, 166299.41113018888, 135629.4997341334, 119631.79870620441, 108277.37755372499, 93719.80973039454, 81072.95613870738, 71608.51377876931, 55060.613362966455, 50623.47979053716, 45169.092411051795, 35961.746236776926], 
[1300343.930591299, 1288374.3868378738, 1149718.869072534, 1033405.1180012499, 986120.2855226807, 879510.5115417186, 804768.4541850463, 705910.3839711644, 649515.9588526998, 541193.2371258806, 447879.51059666334, 415997.271583055, 392092.7987313953, 290571.11838823464, 269492.2478995596, 249152.00675302788, 204500.23632498606, 178228.25778561804, 157954.11013685647, 141445.23712214353, 121893.74804655676, 108606.89052214814, 88861.33412524845, 80546.63631431409, 69965.30400075391, 53664.11938922473, 50720.16055770695, 46314.061295850144, 38020.44085714762], 
[1317628.3267194617, 1199148.2093565457, 1156485.184770553, 1029885.3576259178, 930143.3668384147, 929402.6831346607, 781079.2252390779, 755743.7632200653, 649033.210940025, 587760.8382098102, 509687.7997044547, 451198.5415100263, 397255.13095660636, 339644.9843545203, 312075.49664723425, 268777.4380183915, 220166.58219949028, 206558.97740710533, 178396.3441106363, 160685.3166837035, 128425.28257658341, 118052.13972732774, 104017.77263165257, 87385.74759193185, 75256.3826569614, 64355.01477190712, 54980.278063545746, 50972.509212574216, 45764.750359935366], 
[1269062.132850709, 1178940.5560394665, 1178940.5560394665, 1094889.4876041405, 1001761.9844312316, 907442.01035773, 819576.400633224, 735178.8467283075, 669156.3550637419, 567237.2390240238, 496152.5086367751, 403451.4507834493, 372738.06066915335, 340720.2575183613, 298906.7671559377, 246406.98103159305, 224978.02519784274, 198308.73164146955, 154300.93989332204, 139738.58168739465, 116082.69824635037, 102911.19886913266, 87255.05910503474, 76041.18390219052, 65514.3381957855, 58066.8931706197, 48272.98264180964, 45171.45290533523, 40425.469467041316], 
[1323432.8778627873, 1239483.853124559, 1157318.1242123928, 1084295.0292702646, 945268.114440556, 846332.082486615, 787525.2267544268, 690556.7976692643, 608578.9166342656, 559562.6701238091, 450530.53017707926, 430849.04418568814, 384867.7295621176, 315957.4275202749, 302237.05276253144, 250550.81798639675, 210648.49419280977, 180352.6095593157, 157538.36273916424, 144812.0545427281, 124668.32787352335, 114093.3614898546, 92300.94046007648, 85021.49347087147, 67614.08072409384, 59548.05332766717, 52354.20455535576, 47669.89076368164, 41134.37365286441], 
[1352666.6674351094, 1247774.734139952, 1193382.1072647078, 1014375.9729123435, 954624.0821164391, 893614.7022863219, 848533.0965786607, 766932.9014036284, 645244.384706911, 527661.1227135173, 490416.9341777925, 433953.4069364996, 432119.12491691683, 334030.3638798243, 300783.20697365515, 272310.88558051386, 220421.2037445519, 203116.35344944173, 168562.0454178572, 160353.03358081784, 137400.15148195307, 111767.97934101183, 99932.03780942438, 83409.13030113702, 77024.28535485842, 60110.72253095911, 56230.86306280776, 47953.03150645618, 38066.00630011816], 
[1299879.8844774405, 1212323.5876593294, 1161368.6467291529, 1007188.7229366499, 1007188.7229366499, 920378.5707960528, 797512.2201831865, 687274.4533172224, 620446.2595535822, 566455.952791762, 473611.5699460316, 407507.68965617387, 380309.2913013515, 311436.17835909914, 273022.3419922901, 244974.47308078042, 221572.7836719854, 193516.31729121663, 161241.6298703539, 143649.58131164758, 111512.54876832888, 103101.89511788938, 99104.17311182528, 81512.96301000875, 75229.88477204808, 62296.318256357554, 56955.056223118525, 47036.67066565271, 41953.35458942393], 
[1350405.1759286656, 1238661.1784417094, 1150652.3438145632, 1116048.1625559372, 952992.5657512217, 948576.5314664962, 829544.1101878934, 804652.5420348921, 737665.2060292572, 649720.9510636078, 573377.9539829512, 513914.384521807, 447232.8144071548, 392402.2818248808, 332512.97822736343, 289605.72644277074, 260872.25509162512, 246449.33621653577, 205342.95147334412, 175753.04964367562, 145451.02993280214, 128173.255564995, 116985.46732409652, 93360.10003736793, 84440.59327317953, 72244.77070770708, 62698.706914546274, 55194.06640061544, 47563.99717629172], 
[1322042.0033808728, 1243592.1735862696, 1218218.4679132805, 1079747.6646498686, 963103.391389959, 910510.6081065648, 777235.1356967953, 720687.111007735, 634779.5321762466, 572540.6719990686, 429370.43709011684, 429370.43709011684, 386245.75746841426, 333179.07396901003, 265917.67102560605, 234505.78330325746, 199830.75646034107, 171636.57196537487, 155526.42875522096, 129436.93313015772, 116006.47924379655, 99104.71157661566, 90317.06692976634, 82068.97384848582, 70173.60357902323, 59662.423331695216, 50591.51630774952, 43467.31382645834, 37388.998286148046], 
[1289646.4497574987, 1202293.5496098828, 1109850.995026311, 1059203.0640025116, 965818.7206924314, 820980.7897738311, 787435.6440680937, 711696.949295621, 645146.6567002377, 535050.8979448401, 467138.1949643464, 459592.30635650817, 371810.04425291583, 352224.98048302665, 309094.5077668809, 268322.8160938839, 223642.07950735014, 184434.85073370003, 174892.33161646302, 150761.44015401416, 129406.87796066073, 112291.49530357757, 101020.12292012566, 84076.07449601743, 78760.08465941812, 66289.41826941966, 58330.76040109755, 48763.16849190012, 45831.618778159136], 
[1349467.9017073314, 1268141.5193078872, 1161012.5696433065, 970828.4811124968, 970828.4811124968, 909752.5454027867, 816841.6552659872, 740240.8523516081, 672950.0336205749, 562264.9814880993, 512347.2522845166, 424170.0547789599, 393783.3874825436, 355092.43929323525, 297922.1856021163, 255219.33007779327, 225211.08022207578, 188457.91601529345, 156076.60818833445, 147696.32338733817, 121961.51419350744, 109235.44203116822, 93209.56466019405, 79199.16087539915, 72525.01572201123, 58832.27292922417, 54652.792160449455, 47636.26358412511, 40447.25648710193], 
[1333603.7408647186, 1150707.127792565, 1096792.2802236336, 1060192.9708095808, 923932.6605533902, 764508.8718548312, 671932.6782523416, 671932.6782523416, 573128.2921833749, 525355.9432382251, 412815.80307093053, 391649.5347189381, 333783.98180184554, 297500.55411339283, 277972.6455736263, 231642.69789408453, 212316.93004063691, 177356.06187774634, 160542.8517184299, 140293.80458021158, 114069.05560896892, 104988.64043065102, 96064.40421587962, 77498.81930509131, 66279.31526410245, 59038.675861652555, 48394.073751881835, 43782.04722861281, 38426.96866997642], 
[1315648.109308743, 1252250.7474093565, 1070894.120318408, 1032642.3094433865, 915193.5562532349, 823577.3069077465, 761397.1943562623, 615744.6795645289, 608936.3314174884, 515421.2276428841, 466193.3838881656, 389937.8582115177, 308591.4631511447, 302339.4488751462, 273706.04203158844, 219805.1861141724, 192385.04713716774, 161071.3170614114, 152053.55027052172, 142968.2790955483, 117488.58857583489, 100522.94178744983, 95084.16145809791, 83031.56929883808, 71196.30096515769, 61445.505309155196, 53881.71470727424, 47516.220610970864, 42672.7565880091], 
[1272168.786062202, 1180194.2649676423, 1123917.7883288392, 1057236.8632920906, 1025354.2740488335, 878498.5910715179, 736650.9192439696, 699094.9921412648, 646206.0664628802, 539176.6389881872, 511659.1509344612, 441618.5893901258, 375924.36324503645, 328678.8465307102, 268091.0062995228, 240849.74141743273, 214104.72437297346, 197521.77811968402, 164695.15184848185, 145535.0127135564, 122638.77033966481, 111381.88187855226, 94815.91909748735, 82328.87419530329, 68333.12137105863, 60341.87912445735, 48275.25944808827, 45944.84171052854, 40931.55965659283], 
[1311830.5286507036, 1187112.950854754, 1175969.4354922285, 1078889.7367257206, 959992.7736274356, 910760.6114376269, 845108.8588366051, 747647.549610326, 667247.9120609822, 509678.9797660459, 437045.7060823453, 410367.7081894118, 333352.02318830224, 311716.1790693261, 273687.40075898764, 233318.78310556457, 195721.8551031746, 178985.47592248433, 160384.21850884496, 139803.91871858225, 120631.85075655692, 104954.95523056267, 95252.66906416725, 78937.617875753, 69946.44024495294, 62220.5121289955, 50682.72093910267, 46608.072708453146, 37114.65168626803], 
[1266150.454757029, 1079487.8931235527, 1021966.7143304396, 959715.1364716332, 877591.9931892693, 845478.2903956912, 746324.7799548799, 650671.9311457438, 594487.5065411883, 521421.2451795772, 433436.75300850236, 364984.77159919025, 345680.81416535313, 291601.18071865756, 251676.9822751378, 228141.80230193332, 193805.00801560297, 174836.70342359328, 163013.95705552588, 142057.13384844037, 127308.37787148978, 109960.3335906565, 97229.95746671235, 82625.78270261426, 72625.55948025081, 61149.24479582565, 55595.54045416488, 44860.214333262695, 37914.09666600267], 
[1341812.8960071397, 1239268.1843903335, 1153116.3031082295, 1064055.4420288624, 972506.7660932516, 837601.4845530686, 742759.6415326832, 679197.0212482569, 589608.9154986204, 561157.4389998519, 507827.1049142448, 439946.99497872946, 373698.4710102968, 335212.2620399595, 287765.6008992426, 252224.17976392678, 218251.7433541595, 198658.73033521985, 175437.73424981677, 146090.34140388184, 131249.7602791808, 112913.24492283187, 98774.38057637028, 85145.44925774481, 76706.08561159048, 58427.57814957143, 56361.08156517271, 51344.80264764452, 42596.909754687455], 
[1315633.318107091, 1220022.8854159662, 1117786.7614972796, 1117786.7614972796, 1018630.183047257, 942380.3844229716, 866335.34146683, 745165.784443706, 675584.6938363155, 616883.905675087, 527513.4555135912, 474652.6813842264, 399527.74323850253, 346482.5498803446, 308941.2573801109, 271628.5814466053, 233283.137016548, 205355.28272440977, 176357.4205168583, 144383.99751314975, 124127.19252827925, 110500.68816194974, 94242.3981082926, 82082.58817838476, 75907.91015746823, 60636.983905425666, 56951.65363603199, 46016.07612357054, 45061.369545600784], 
[1319421.1172138008, 1279811.9007270685, 1196757.8281415368, 1067927.544954687, 955121.2833316366, 896012.9546519202, 825032.6023998748, 728645.8375589758, 603995.5367406072, 576493.1157969842, 525204.0076868116, 457481.87378933193, 384504.99658871966, 367874.9988106699, 304284.76142253, 266570.71840919665, 239390.68380646448, 208138.03428632408, 169677.5298341661, 148697.80834306707, 136552.7411058936, 114202.48758018478, 104606.5516555451, 84523.76189259632, 72181.12285108182, 64455.661716661445, 58525.23523004868, 49524.4012319035, 40789.68100441959], 
[1313371.7332041084, 1232921.4043264713, 1117729.0948181117, 1064839.885352041, 976760.35653415, 865079.7266698413, 780921.0260244786, 664898.4365535906, 590095.350795503, 566694.0556821334, 479196.34041259525, 388259.79384335387, 371678.68931442767, 315574.506090141, 246680.32754077643, 235983.52871618854, 200326.57430361776, 164736.70545897607, 149773.76091199435, 118739.96096339011, 118148.05101001488, 98890.40794165636, 92601.56158933083, 76919.98822824052, 70114.994289452, 60663.833774589686, 55609.48268937367, 47118.40304270469, 37449.571088044104], 
[1329277.6246456113, 1224673.2449967782, 1094386.0698391234, 1061188.267143353, 1026785.5147511072, 858574.7126655397, 794835.3917026533, 703339.2587479702, 638493.0692707292, 532848.1924429038, 487530.01660789305, 401546.8278921464, 380424.75986265874, 308070.11294527055, 284824.56201705587, 245473.80026862942, 217141.42160416485, 185453.05990532934, 167031.5238163033, 133074.23274539274, 124168.01543189891, 109086.61032085714, 92487.35210242851, 77809.76418530564, 72271.30539119233, 62906.92460859505, 52896.76010216804, 46144.050810316636, 39664.08337401268], 
[1323897.4844806208, 1257699.8135943932, 1150271.8956567806, 1048050.2273205284, 1017759.4773386534, 881225.3430984088, 808884.4503995731, 720085.1593683618, 662951.5472881896, 582647.6241442962, 473395.7244077428, 473395.7244077428, 422701.33336779306, 300362.03655929916, 300362.03655929916, 263901.96543177555, 218701.6408064349, 197155.3995793344, 165586.55949441862, 139615.59056983716, 135684.96802859445, 117307.51991073096, 104772.13244584674, 95651.4890463633, 78520.944267333, 64230.51947547599, 62093.99151579012, 54490.65634338597, 45855.39131516586], 
[1375268.7935112591, 1257985.0050568415, 1168443.7909726817, 1093786.4821188075, 1019765.690894037, 894457.1130919369, 823251.1065290762, 752872.7938175213, 696995.4263537267, 601821.1434983771, 545223.9639349368, 473711.96045577875, 392192.0363578811, 345602.87529842765, 308650.6878205569, 280676.85643248353, 235453.43650054617, 209402.70063911, 184426.4565180799, 148182.74900549682, 134941.43089756573, 123904.91456569408, 109897.37413306093, 90221.58306115016, 75188.9613377258, 69930.91319858388, 60178.49051524607, 54377.81288168535, 43655.75619958419],
[1303496.948391213, 1162380.8717041512, 1127266.1202923695, 1022772.9799296714, 933038.13339355, 842766.2477341157, 788227.6436890312, 754988.7114685191, 631670.8443239231, 575537.9223473369, 496187.36545801186, 452095.71041472955, 393684.11291620287, 352955.3614897966, 305397.6793927216, 274760.2301391713, 245384.2144161481, 204937.6092303502, 183558.24048950124, 153120.90699165856, 132726.3757729624, 113630.77715179192, 99771.03035227426, 89626.33803780466, 77818.1814616447, 67122.31720860249, 58301.63072972749, 51487.71468177788, 44461.115019439894], 
