[20.474784334148822, 20.32447005646052, 20.32447005646052, 20.32447005646052, 20.32447005646052, 20.32447005646052, 20.206960141795392, 20.206960141795392, 20.206960141795392, 20.206960141795392, 20.206960141795392, 20.206960141795392, 20.206960141795392, 20.168161719322445, 20.168161719322445, 20.168161719322445, 20.168161719322445, 20.168161719322445, 20.123109953542826, 20.123109953542826, 20.123109953542826, 20.123109953542826, 20.123109953542826, 20.123109953542826, 20.123109953542826, 20.123109953542826, 20.123109953542826, 20.123109953542826, 20.123109953542826, 20.123109953542826], 
[20.450764314503953, 20.337404272986443, 20.331024874802623, 20.331024874802623, 20.296205292983004, 20.296205292983004, 20.16658745642195, 20.16658745642195, 20.16658745642195, 20.16658745642195, 20.16658745642195, 20.16658745642195, 20.16658745642195, 20.16658745642195, 20.16658745642195, 20.07833327588812, 20.07833327588812, 20.07833327588812, 20.07833327588812, 20.07833327588812, 20.07833327588812, 20.07833327588812, 20.07833327588812, 20.07833327588812, 20.07833327588812, 20.07833327588812, 20.07833327588812, 20.07833327588812, 20.07833327588812, 20.07833327588812], 
[20.50257375365419, 19.98784024798622, 19.98784024798622, 19.98784024798622, 19.98784024798622, 19.98784024798622, 19.98784024798622, 19.98784024798622, 19.98784024798622, 19.98784024798622, 19.98784024798622, 19.98784024798622, 19.98784024798622, 19.98784024798622, 19.98784024798622, 19.98784024798622, 19.98784024798622, 19.98784024798622, 19.98784024798622, 19.98784024798622, 19.98784024798622, 19.98784024798622, 19.98784024798622, 19.98784024798622, 19.98784024798622, 19.98784024798622, 19.98784024798622, 19.98784024798622, 19.98784024798622, 19.98784024798622], 
[20.52667793971908, 20.459729454109137, 20.27224292928313, 20.27224292928313, 20.27224292928313, 20.27224292928313, 20.27224292928313, 20.258208922147222, 20.137172276546007, 20.137172276546007, 20.137172276546007, 20.137172276546007, 20.137172276546007, 20.137172276546007, 20.137172276546007, 20.137172276546007, 20.137172276546007, 20.137172276546007, 20.137172276546007, 20.137172276546007, 20.137172276546007, 20.137172276546007, 20.137172276546007, 20.137172276546007, 20.137172276546007, 20.137172276546007, 20.137172276546007, 20.137172276546007, 20.01349811854598, 20.01349811854598],
[20.48159629884229, 20.123824983817514, 20.123824983817514, 20.123824983817514, 20.123824983817514, 20.123824983817514, 20.123824983817514, 20.123824983817514, 20.123824983817514, 20.123824983817514, 20.123824983817514, 20.123824983817514, 20.123824983817514, 20.123824983817514, 20.036000612011826, 20.036000612011826, 20.036000612011826, 20.036000612011826, 20.036000612011826, 20.036000612011826, 20.036000612011826, 20.036000612011826, 20.036000612011826, 20.036000612011826, 20.036000612011826, 20.036000612011826, 20.036000612011826, 20.036000612011826, 20.036000612011826, 20.036000612011826],
[20.39869616921585, 20.128822161315373, 20.128822161315373, 20.128822161315373, 20.128822161315373, 20.128822161315373, 20.10222675018356, 20.10222675018356, 20.10222675018356, 20.10222675018356, 20.10222675018356, 20.10222675018356, 20.10222675018356, 20.10222675018356, 20.10222675018356, 20.04114540768436, 20.04114540768436, 20.04114540768436, 20.04114540768436, 20.04114540768436, 20.04114540768436, 20.04114540768436, 20.04114540768436, 20.04114540768436, 20.04114540768436, 20.04114540768436, 20.04114540768436, 20.04114540768436, 20.04114540768436, 20.04114540768436],
[20.310879065279348, 20.310879065279348, 20.293429927114666, 20.238270406776202, 20.238270406776202, 20.238270406776202, 20.238270406776202, 20.238270406776202, 20.087336719123513, 20.087336719123513, 20.087336719123513, 20.087336719123513, 20.087336719123513, 20.087336719123513, 20.087336719123513, 20.087336719123513, 20.087336719123513, 20.087336719123513, 20.087336719123513, 20.087336719123513, 20.087336719123513, 20.087336719123513, 20.087336719123513, 20.087336719123513, 20.087336719123513, 20.04460363189656, 20.04460363189656, 20.04460363189656, 20.04460363189656, 20.04460363189656],
[20.242291055849755, 20.242291055849755, 20.242291055849755, 20.242291055849755, 20.242291055849755, 20.03343206415808, 20.03343206415808, 20.03343206415808, 20.03343206415808, 20.03343206415808, 20.03343206415808, 20.03343206415808, 20.03343206415808, 20.03343206415808, 20.03343206415808, 20.03343206415808, 20.03343206415808, 20.03343206415808, 20.03343206415808, 20.03343206415808, 20.03343206415808, 20.03343206415808, 20.03343206415808, 20.03343206415808, 20.03343206415808, 20.03343206415808, 20.03343206415808, 20.03343206415808, 20.03343206415808, 20.03343206415808],
[20.41016702554027, 20.271145133700035, 20.271145133700035, 20.271145133700035, 20.271145133700035, 20.080531767400334, 20.080531767400334, 20.080531767400334, 20.080531767400334, 20.080531767400334, 20.080531767400334, 20.080531767400334, 20.080531767400334, 20.080531767400334, 20.080531767400334, 20.080531767400334, 20.080531767400334, 20.080531767400334, 20.080531767400334, 20.059610399005745, 20.059610399005745, 20.059610399005745, 20.059610399005745, 20.059610399005745, 20.059610399005745, 20.059610399005745, 20.059610399005745, 20.059610399005745, 20.059610399005745, 20.059610399005745],
[20.390851165466838, 20.390851165466838, 20.288473596165804, 20.27763051946214, 20.130135001926536, 20.130135001926536, 20.130135001926536, 20.130135001926536, 20.130135001926536, 20.130135001926536, 20.130135001926536, 19.96702384076845, 19.96702384076845, 19.96702384076845, 19.96702384076845, 19.96702384076845, 19.96702384076845, 19.96702384076845, 19.96702384076845, 19.96702384076845, 19.96702384076845, 19.96702384076845, 19.96702384076845, 19.96702384076845, 19.96702384076845, 19.96702384076845, 19.96702384076845, 19.96702384076845, 19.96702384076845, 19.96702384076845],
[20.486510366019417, 20.300999234138445, 20.300999234138445, 20.288352264178577, 20.190382248049882, 20.158669616493597, 20.158669616493597, 20.158669616493597, 20.034588524430355, 20.034588524430355, 20.034588524430355, 20.034588524430355, 20.034588524430355, 20.034588524430355, 20.034588524430355, 20.034588524430355, 20.034588524430355, 20.034588524430355, 20.034588524430355, 20.034588524430355, 20.034588524430355, 20.034588524430355, 20.034588524430355, 20.034588524430355, 20.034588524430355, 20.034588524430355, 20.034588524430355, 20.034588524430355, 20.034588524430355, 20.034588524430355],
[20.489228243089084, 20.220335516749056, 20.220335516749056, 20.143358983410174, 20.143358983410174, 20.143358983410174, 20.143358983410174, 20.143358983410174, 20.143358983410174, 20.143358983410174, 20.143358983410174, 20.143358983410174, 20.143358983410174, 20.143358983410174, 20.143358983410174, 20.143358983410174, 20.143358983410174, 20.143358983410174, 20.036005812243133, 20.036005812243133, 20.036005812243133, 20.036005812243133, 20.036005812243133, 20.036005812243133, 20.036005812243133, 20.036005812243133, 20.036005812243133, 20.036005812243133, 20.036005812243133, 20.036005812243133],
[20.153081958422412, 20.153081958422412, 20.153081958422412, 20.153081958422412, 20.153081958422412, 20.153081958422412, 20.153081958422412, 20.153081958422412, 20.153081958422412, 20.153081958422412, 20.153081958422412, 20.153081958422412, 20.067183539019275, 20.067183539019275, 20.067183539019275, 20.067183539019275, 20.067183539019275, 20.067183539019275, 20.067183539019275, 20.067183539019275, 20.067183539019275, 20.067183539019275, 20.067183539019275, 20.067183539019275, 20.067183539019275, 20.067183539019275, 20.067183539019275, 20.067183539019275, 20.067183539019275, 20.067183539019275],
[20.42469585656557, 20.32078353546127, 20.32078353546127, 20.32078353546127, 20.32078353546127, 20.32078353546127, 20.089850503450034, 20.089850503450034, 20.089850503450034, 20.089850503450034, 20.089850503450034, 20.089850503450034, 20.089850503450034, 20.089850503450034, 20.089850503450034, 20.023129818466334, 20.023129818466334, 20.023129818466334, 20.023129818466334, 20.023129818466334, 20.023129818466334, 20.023129818466334, 20.023129818466334, 20.023129818466334, 20.023129818466334, 20.023129818466334, 20.023129818466334, 20.023129818466334, 20.023129818466334, 20.023129818466334], 
[20.37428412021896, 20.307593514912845, 20.307593514912845, 20.105999224511255, 20.105999224511255, 19.99891033314311, 19.99891033314311, 19.99891033314311, 19.99891033314311, 19.99891033314311, 19.99891033314311, 19.99891033314311, 19.99891033314311, 19.99891033314311, 19.99891033314311, 19.99891033314311, 19.99891033314311, 19.99891033314311, 19.99891033314311, 19.99891033314311, 19.99891033314311, 19.99891033314311, 19.99891033314311, 19.99891033314311, 19.99891033314311, 19.99891033314311, 19.99891033314311, 19.99891033314311, 19.99891033314311, 19.99891033314311], 
[20.367872224428414, 20.36082961285483, 20.354203360735458, 20.341342720755655, 20.175222073998825, 20.175222073998825, 20.175222073998825, 20.175222073998825, 20.175222073998825, 20.175222073998825, 20.175222073998825, 20.175222073998825, 20.175222073998825, 20.175222073998825, 20.081607510910587, 20.081607510910587, 20.081607510910587, 20.081607510910587, 20.081607510910587, 20.081607510910587, 20.081607510910587, 20.081607510910587, 20.081607510910587, 20.081607510910587, 20.081607510910587, 20.081607510910587, 20.081607510910587, 20.081607510910587, 20.081607510910587, 20.081607510910587], 
[20.561522683712514, 20.282007726842995, 20.27104592040844, 20.27104592040844, 20.27104592040844, 20.27104592040844, 20.27104592040844, 20.180404507282624, 20.180404507282624, 20.180404507282624, 20.180404507282624, 20.180404507282624, 20.180404507282624, 19.99009581546695, 19.99009581546695, 19.99009581546695, 19.99009581546695, 19.99009581546695, 19.99009581546695, 19.99009581546695, 19.99009581546695, 19.99009581546695, 19.99009581546695, 19.99009581546695, 19.99009581546695, 19.99009581546695, 19.99009581546695, 19.99009581546695, 19.99009581546695, 19.99009581546695], 
[20.51604526163733, 20.338404345569195, 20.338404345569195, 20.338404345569195, 20.192346963215137, 20.192346963215137, 20.192346963215137, 20.192346963215137, 20.192346963215137, 20.192346963215137, 20.192346963215137, 20.192346963215137, 20.192346963215137, 20.192346963215137, 20.192346963215137, 20.192346963215137, 20.192346963215137, 20.08622522359208, 20.08622522359208, 20.08622522359208, 20.08622522359208, 20.08622522359208, 20.08622522359208, 20.08622522359208, 20.08622522359208, 20.08622522359208, 20.08622522359208, 20.08622522359208, 20.08622522359208, 20.08622522359208], 
[20.457781573123974, 20.44108850920759, 20.145870969916942, 20.145870969916942, 20.145655770986348, 20.145655770986348, 20.145655770986348, 20.145655770986348, 20.145655770986348, 20.145655770986348, 20.145655770986348, 20.145655770986348, 20.145655770986348, 20.145655770986348, 20.145655770986348, 20.145655770986348, 20.145655770986348, 20.145655770986348, 20.145655770986348, 20.076700247310388, 20.076700247310388, 20.076700247310388, 20.076700247310388, 20.076700247310388, 19.97392342643266, 19.97392342643266, 19.97392342643266, 19.97392342643266, 19.97392342643266, 19.97392342643266], 
[20.427671071493663, 20.310482045545378, 20.310482045545378, 20.150491050376814, 20.150491050376814, 20.150491050376814, 20.04977708801677, 20.04977708801677, 20.04977708801677, 20.04977708801677, 20.04977708801677, 20.04977708801677, 20.04977708801677, 20.04977708801677, 20.04977708801677, 20.04977708801677, 20.04977708801677, 20.04977708801677, 20.04977708801677, 20.04977708801677, 20.04977708801677, 20.04977708801677, 20.04977708801677, 20.04977708801677, 20.030330335332877, 20.030330335332877, 20.030330335332877, 20.030330335332877, 20.030330335332877, 20.030330335332877], 
[20.668104139908344, 20.192278685640662, 20.192278685640662, 20.192278685640662, 20.192278685640662, 20.192278685640662, 20.192278685640662, 20.192278685640662, 20.19099648696206, 20.19099648696206, 20.19099648696206, 20.19099648696206, 20.19099648696206, 20.19099648696206, 20.19099648696206, 20.19099648696206, 20.19099648696206, 20.19099648696206, 20.19099648696206, 20.19099648696206, 20.122880759331004, 20.122880759331004, 20.122880759331004, 20.122880759331004, 20.122880759331004, 20.122880759331004, 20.122880759331004, 20.122880759331004, 20.122880759331004, 20.122880759331004], 
[20.26209564477029, 20.26209564477029, 20.26209564477029, 20.22465870431417, 20.214937856280336, 20.204941207989936, 20.204941207989936, 20.204941207989936, 20.204941207989936, 20.135712862828264, 20.135712862828264, 20.100035507164943, 20.03083593360899, 20.03083593360899, 20.03083593360899, 20.03083593360899, 20.03083593360899, 20.03083593360899, 20.03083593360899, 20.03083593360899, 20.03083593360899, 20.03083593360899, 20.03083593360899, 20.03083593360899, 20.03083593360899, 20.03083593360899, 20.03083593360899, 20.03083593360899, 20.03083593360899, 20.03083593360899], 
[20.474219950003377, 20.293047871144683, 20.293047871144683, 20.293047871144683, 20.293047871144683, 20.293047871144683, 20.293047871144683, 20.131372906790464, 20.131372906790464, 20.131372906790464, 20.131372906790464, 20.131372906790464, 20.131372906790464, 20.131372906790464, 20.131372906790464, 20.131372906790464, 20.131372906790464, 20.131372906790464, 20.131372906790464, 20.131372906790464, 20.131372906790464, 20.131372906790464, 20.115099726452186, 20.115099726452186, 20.04596599580044, 20.04596599580044, 20.036413505781766, 20.036413505781766, 20.036413505781766, 20.036413505781766], 
[20.405748094714898, 20.330079272243516, 20.245545644614722, 20.245545644614722, 20.245545644614722, 20.238576003466612, 20.238576003466612, 20.238576003466612, 20.176496165228563, 20.176496165228563, 20.176496165228563, 20.176496165228563, 20.176496165228563, 20.176496165228563, 20.176496165228563, 20.176496165228563, 20.007006468351033, 20.007006468351033, 20.007006468351033, 20.007006468351033, 20.007006468351033, 20.007006468351033, 20.007006468351033, 20.007006468351033, 20.007006468351033, 20.007006468351033, 20.007006468351033, 20.007006468351033, 20.007006468351033, 20.007006468351033], 
[20.450542563107735, 20.363402755588236, 20.363402755588236, 20.363402755588236, 20.363402755588236, 20.27675508495593, 20.27675508495593, 20.27675508495593, 20.27675508495593, 20.27675508495593, 20.27675508495593, 20.18602378591649, 19.972530558594702, 19.972530558594702, 19.972530558594702, 19.972530558594702, 19.972530558594702, 19.972530558594702, 19.972530558594702, 19.972530558594702, 19.972530558594702, 19.972530558594702, 19.972530558594702, 19.972530558594702, 19.972530558594702, 19.972530558594702, 19.972530558594702, 19.972530558594702, 19.972530558594702, 19.972530558594702], 
