[150035588.97186908, 47511291.57222789, 19216284.526700027, 5851203.1833351115, 2390027.530049215, 948475.3390323855, 449948.5397571899, 207917.94146791828, 96225.36200506179, 52899.26899091127, 28069.69674725176, 19658.830239904124, 12585.882155439738, 7736.980517471538, 5784.230877150961, 4345.239541852738, 3308.6768444496265, 2959.2165005235383, 2418.9993560792514, 2142.900337245691, 1759.5730584366024, 1650.5881097158222, 1474.0188917511025, 1334.9878290026065, 1274.6488941451955, 1124.0565795817638, 1064.349587880206, 1023.3131322104533, 960.5491391319919, 914.7164358147118], 
[151504817.371158, 61401798.84619902, 21452735.725224696, 8322014.136373612, 3547268.755176099, 1463832.3694370585, 684485.5073092119, 337308.44038015057, 146162.84127205156, 85872.98624603439, 46117.293948939114, 31194.485713349124, 20549.399334413745, 11872.209393309846, 9140.743263497521, 6414.217735011976, 5088.376517959424, 4068.6259412011846, 3103.7352723659114, 2571.2374045225047, 2251.9414922402943, 1958.9910673519555, 1717.0325279630815, 1603.5678992395472, 1471.2234590959367, 1374.1309874656026, 1280.441533529398, 1159.3129316571708, 1092.1835308915038, 1017.0392472798608], 
[160407372.96251947, 55158093.654641494, 20000361.431446597, 8924122.024974843, 3660992.2023454965, 1643460.7327816046, 765820.218519778, 352021.9354702477, 166510.35347493304, 83151.00316222777, 53813.44265121514, 32867.49827490566, 17953.013247435923, 13046.772916735183, 8411.229254391043, 6731.700232820372, 5128.802546541636, 3816.8112153158404, 3067.850064012185, 2670.27566835472, 2227.321443152112, 1891.8729358169896, 1626.4411205755569, 1403.1227394248938, 1231.8912256696658, 1104.5034524909709, 987.75632809545, 902.0986134807155, 806.4095982030789, 721.7629791512234], 
[177515686.40889442, 54204914.376941055, 18294328.105488412, 8238779.237458051, 3408854.039598338, 1434470.6945705845, 613935.7130208809, 330749.08986573614, 154594.70345498685, 79847.22078221898, 42696.12751980053, 25635.686216102622, 16054.081117889304, 10211.462785688167, 7553.895243621703, 5924.653465316412, 4014.9017459415963, 3549.3322175218946, 2699.7471185349086, 2409.7272052306757, 2050.357967147023, 1823.4921297092117, 1625.9333570188348, 1490.6622145135104, 1399.293254678922, 1287.8462413714115, 1190.1048006660073, 1107.9953152187281, 1063.642455666974, 997.8862751925005], 
[150638809.70559886, 54437374.77569846, 19472176.78978622, 8110063.156935653, 3082977.1333818594, 1312898.0086741052, 545610.9154755158, 243095.0485624566, 112392.8656884441, 59040.93020865141, 38114.90932556651, 23047.901263843116, 15606.02479222185, 10357.627465371412, 8354.611637778738, 6387.444693585058, 5312.50071377126, 4488.678230119414, 3709.957256384233, 3298.038665057937, 2875.154468069722, 2562.842969097142, 2200.585527325704, 2025.4661035641934, 1840.9966243054735, 1732.775092737674, 1618.0764598926944, 1544.4264430299793, 1507.0806569431234, 1451.4206125072608], 
[154235785.57635194, 63105559.65397803, 21586586.667058337, 9750515.536689004, 3806121.5353611563, 1316464.822068597, 610001.9609906885, 267141.24247839913, 124672.96359625936, 61082.10915811095, 32510.599445855805, 19708.99573213304, 11450.549454223632, 7787.8393186398725, 5713.878994377093, 4446.04539553068, 3417.2995694922706, 2848.002596893379, 2320.884752778247, 1964.4528529659353, 1677.0645382512491, 1425.123047197175, 1263.104271702534, 1152.2199655538973, 1075.3629539397289, 983.1658556553779, 913.2610686506912, 825.6433657981055, 786.6181934685112, 707.0435672541587], 
[160608134.42750955, 62039934.106816135, 23802830.712587014, 9076616.705480317, 3625795.7226859955, 1447622.6665899034, 695759.3395298971, 338354.60105194047, 161295.58939765854, 91948.48816139124, 43581.24071956639, 32082.258810284056, 19049.08734839041, 12524.443804080916, 8668.269429520486, 6198.024367394011, 5052.862359849439, 3898.8900658257876, 3377.0133395250364, 2964.452122275619, 2481.515194483932, 2278.250134443513, 2067.745530742282, 1870.6520796845243, 1698.4249075652417, 1582.2872906666094, 1420.8703624150587, 1365.8360647579357, 1283.5253720188703, 1230.9510642500004], 
[160137176.5892652, 63442575.522959806, 21094060.484183192, 9127399.549645502, 3500853.7459383532, 1750023.2286311444, 776398.5750874117, 337566.06068735727, 155065.95597396148, 84370.17719200315, 49041.04886571623, 26276.049556461625, 16886.009078914354, 11531.554650165257, 8275.312078247769, 6168.662419887377, 5029.801883746973, 3750.968853287157, 2980.318568459783, 2541.724652862442, 2214.2479027965664, 1947.666674107907, 1692.7704040677436, 1564.6508365072093, 1392.9466066579685, 1287.1699753869455, 1166.5854833256162, 1113.0671918396104, 1012.2121940462607, 948.8230677921356], 
[172528292.90837973, 60332063.97865245, 21864084.987632226, 8829605.152957058, 3959402.4780186326, 1549003.441684442, 677572.3030772842, 311291.68626073067, 155063.92695996122, 67549.2216479896, 36363.68945714448, 22826.47302773043, 14677.992234807063, 10061.903085441656, 6995.61089057459, 5102.000413351114, 4046.1057773442863, 3228.850021396171, 2627.075976139067, 2386.425688186312, 2130.7464295943223, 1888.0054609863091, 1615.8442639036377, 1530.4572281586961, 1384.4621538209608, 1295.9612443874832, 1169.7793059650076, 1062.2100964722545, 994.3577732672065, 935.439521403962], 
[143664515.28067246, 55534477.11520565, 21465172.322540905, 8185689.13521039, 3263365.340104981, 1218560.856029102, 528041.9427633418, 232509.10308677144, 129272.67832527512, 65519.714038446196, 39431.3050644825, 24181.858747861173, 14774.461048047284, 10701.073058123211, 7452.621171378877, 6082.205349027586, 4446.003195395152, 3904.7299166513085, 3328.679406879017, 2733.4177457864716, 2464.676491368614, 2228.3764443806076, 2030.553332884933, 1789.8406702219017, 1701.871967406606, 1596.9238767159436, 1499.3537161168256, 1355.4552686069853, 1248.780747200398, 1196.968006223063], 
[153256513.27456406, 51333728.87373871, 18802237.32125422, 8272957.668119415, 2882835.1916520405, 1117926.7527386395, 580426.777304434, 248639.21027337463, 124923.93540101155, 76554.050055778, 42521.16344059138, 27167.816142447446, 17470.249867768172, 12916.934457904903, 8262.785534939156, 6248.840303069149, 5101.993044048397, 3918.9911226651147, 3325.3517651180687, 2772.04485439135, 2369.925204798404, 2109.2035597941126, 1828.89480140144, 1690.171809438075, 1569.6229098531298, 1482.832061382999, 1362.6969848269648, 1285.0925626448404, 1285.0925626448404, 1216.0054717213002], 
[136818354.80159336, 43377643.98349875, 16277745.480373414, 7155059.992436301, 2965512.2074116576, 1250365.9963709824, 592888.1181978328, 242375.9989627662, 141183.75869172366, 74419.42884202389, 40716.267503233736, 24633.78365866887, 15806.640302360209, 11011.815027517756, 7809.064212402612, 5557.890552303662, 4267.006408818615, 3350.843962029303, 2808.1682148254185, 2319.4531079157055, 2035.877205895305, 1777.987565092883, 1554.9349040794252, 1475.4900884465847, 1273.4064904720947, 1089.1417026528393, 1035.132840033612, 957.6591509535922, 883.7845330823627, 796.2313737713666], 
[149430547.52192128, 60167476.57432669, 20067171.77099898, 9136696.91104259, 3610741.769189026, 1377617.3784295535, 622208.7322195105, 278064.3726276094, 131078.3416451588, 79632.77560324791, 40540.94216668352, 24516.22822187199, 16423.467760814256, 11680.794531015028, 8118.532235227423, 6104.690163807056, 5339.579153303744, 4160.745144487843, 3582.9535701850805, 2900.010222493997, 2612.346258696731, 2410.8326157947117, 2153.1227009162735, 1946.6513850844538, 1855.1734789580935, 1673.9095357399804, 1645.3458247434005, 1480.921137124426, 1379.1056716005025, 1368.709213162427], 
[149771750.32206196, 51309935.03998829, 20091586.17137459, 7582425.895370095, 3517231.7642712095, 1335793.8215957407, 576896.9477854294, 280505.23554491793, 128835.6714898569, 61910.38979993443, 37031.045555311284, 23557.98153402247, 14869.718968012448, 9378.301023483438, 6680.517406773051, 4958.173871095445, 4206.75379523723, 3626.7279449350995, 2999.332996515228, 2588.1493730912352, 2236.6487731251, 2037.8407511913117, 1898.6166042981552, 1745.8592756531523, 1640.6111002903897, 1492.0474181589707, 1380.187519271353, 1294.309312515175, 1243.9585843777159, 1150.8576824531258], 
[185854980.61201084, 63946695.63562395, 27364509.14735827, 10989488.038204478, 4262647.474796326, 1632481.5150461057, 822347.8909748837, 327665.90641611995, 160856.2592706614, 80844.91768811036, 49610.38638518187, 30312.31222901118, 19098.46387337307, 12904.968448602089, 9340.29994424193, 6840.687015295087, 5249.06910144158, 4073.331400352573, 3503.7263898691476, 2919.767326019034, 2568.9715762318424, 2204.7942664649145, 2034.904900930691, 1902.045536034597, 1711.1251378339864, 1631.4029729412764, 1473.8665176819732, 1433.912734261444, 1312.4258363657111, 1253.0520971984445], 
[184279610.15141758, 69305416.62747489, 24419252.574791394, 8540832.60777144, 3571691.700486811, 1352195.219698448, 703893.3676187331, 284460.6070856156, 136730.2109562772, 69005.25122202857, 37806.83202114148, 24147.4210912083, 14891.565985342248, 9841.335560274345, 7285.92728961698, 5230.0983672100165, 4197.952484168401, 3304.5949037453024, 2791.581933975698, 2323.2161666191514, 2059.0619399568527, 1836.8403065941905, 1577.215036415451, 1502.517676340915, 1384.723396959898, 1257.1994915365594, 1100.1992346760428, 1086.7361106339567, 1015.2199740419038, 942.2918734418471], 
[177850720.85329446, 68734852.42553961, 20586561.051868264, 7445402.64367893, 3477725.4185521035, 1306533.2139989568, 570692.5784148739, 244578.42760443198, 133039.12429737332, 66449.86441585653, 34988.26446032039, 19808.853047984125, 11854.719693996363, 8021.86508200253, 5913.320542000626, 4522.704028725578, 3692.400758583952, 3068.065538574686, 2504.9688178671, 2263.0491927645917, 2012.003263935532, 1751.2345500304205, 1606.4861722862433, 1465.6291192881415, 1283.639992789018, 1259.304464586315, 1158.7718715815784, 1088.0853550157751, 1076.1885558202991, 1022.6517586325036], 
[141806743.4565708, 62326380.468659766, 22197941.540662233, 9721052.122756701, 3746735.7463934384, 1405319.5791471673, 707094.2978912983, 240598.69092742665, 128000.67650747774, 66710.29606182553, 40180.27978108813, 23286.78502965073, 15412.625936578494, 10449.12967024873, 7784.224635709879, 5433.914457585597, 4462.792500622563, 3704.5204785761803, 2895.538707321067, 2416.3235804276833, 2202.3144523543315, 1902.0191366163804, 1682.8858829237042, 1573.0713474427585, 1387.8943564490762, 1301.4405191662486, 1209.480002628435, 1105.627246744769, 1038.170838744223, 961.5785873378676], 
[147035131.41765043, 54195101.65675231, 22171997.819557555, 8783324.723026374, 3283619.257772125, 1509332.4915574116, 738575.0809557341, 324325.1917898165, 148518.9266752021, 76216.47694192774, 39855.6250614116, 21794.117545697976, 13087.424170789172, 8625.153718883792, 5962.116999014116, 4649.49619127863, 3440.8756146332867, 2897.7417223319594, 2465.6951331429755, 2010.038534869888, 1746.9534318518104, 1591.2798734618975, 1390.7744908825548, 1222.3413843519888, 1136.9659251284734, 1036.4315651570091, 971.1326017699446, 906.23040460351, 793.0063415773025, 773.5980406415591], 
[192870770.90177613, 64054313.17708767, 22688212.302581284, 8162180.985667031, 3600420.3587619294, 1299312.9600847661, 493325.8497271653, 251559.33512760611, 112642.88978441071, 59542.48345181927, 30072.620929450735, 18361.65427436819, 12352.876650624637, 8431.374865745478, 5821.107699079567, 4360.314702997515, 3449.89960541225, 2856.2580172450853, 2393.485138505023, 2065.277202540411, 1789.2190928752852, 1608.0126566191818, 1473.6764626409417, 1331.3438236369523, 1201.7899227538653, 1100.6910769434887, 1044.45901344505, 933.7945142071152, 809.1886284970047, 778.6298474025803], 
[152239533.23813146, 56100790.27721212, 20329891.3840312, 7627848.539617866, 3007394.321876414, 1298578.214243544, 624413.8468679255, 293147.07700843003, 150014.1350483707, 93853.18714382066, 44947.95113648368, 28379.58226479946, 17598.29616273772, 12990.029402539036, 9116.222419847916, 6355.226175737086, 5111.150006810791, 3856.104656806899, 3281.989525159475, 2711.708153691371, 2299.1166970468466, 2034.3137609572077, 1865.7431621095604, 1713.0162306897532, 1605.7067827740714, 1473.9595709690236, 1358.0653411219735, 1331.0159115399076, 1228.0212259894756, 1156.1871440470788], 
