[6825.243028140968, 6403.161072279727, 6392.46072448694, 6119.984658054058, 6069.682686695287, 5740.132287177383, 5740.132287177383, 5740.132287177383, 5682.570969015997, 5682.570969015997, 5682.570969015997, 5528.860694757103, 5521.408220587116, 5411.562798472006, 5249.0879840946845, 5249.0879840946845, 5249.0879840946845, 5249.0879840946845, 5249.0879840946845, 5249.0879840946845, 5249.0879840946845, 5205.583823128997, 5205.583823128997, 5205.583823128997, 5205.583823128997, 5148.857851051356, 5148.857851051356, 5148.857851051356, 5148.857851051356, 5148.857851051356], 
[6869.951169563511, 6780.660538324144, 6435.157885754298, 6228.027407610182, 6095.283406356357, 5831.637313348736, 5831.637313348736, 5735.401127770564, 5643.951572481751, 5643.951572481751, 5608.498697705031, 5575.422920399708, 5456.036992019709, 5456.036992019709, 5456.036992019709, 5314.385931062497, 5314.385931062497, 5314.385931062497, 5314.385931062497, 5314.385931062497, 5314.385931062497, 5314.385931062497, 5314.385931062497, 5314.385931062497, 5314.385931062497, 5314.385931062497, 5314.385931062497, 5314.385931062497, 5314.385931062497, 5193.531690662875], 
[6743.763956859021, 6450.681014634235, 6348.54980789353, 6140.04771863391, 5925.795258272215, 5905.465777678294, 5905.465777678294, 5696.4912652770245, 5692.203797853576, 5572.964761063535, 5440.847306774594, 5440.847306774594, 5440.847306774594, 5383.273891683603, 5338.480899054086, 5338.480899054086, 5338.480899054086, 5303.456035497754, 5303.456035497754, 5303.456035497754, 5303.456035497754, 5303.456035497754, 5303.456035497754, 5303.456035497754, 5303.456035497754, 5166.658710675673, 5166.658710675673, 5166.658710675673, 5166.658710675673, 5166.658710675673], 
[6751.125249500673, 6592.563886709447, 6391.456459808315, 6125.025121328063, 5900.097389386043, 5900.097389386043, 5729.945204517737, 5729.945204517737, 5668.311913348959, 5668.311913348959, 5603.784991681882, 5543.116509452432, 5543.116509452432, 5442.818924245752, 5220.703245515925, 5220.703245515925, 5220.703245515925, 5220.703245515925, 5220.703245515925, 5220.703245515925, 5220.703245515925, 5220.703245515925, 5068.101095705254, 5068.101095705254, 5068.101095705254, 5068.101095705254, 5068.101095705254, 5068.101095705254, 5068.101095705254, 5068.101095705254], 
[6654.0881796071, 6654.0881796071, 6134.953499199078, 6134.953499199078, 5929.0889388156875, 5847.10169008844, 5847.10169008844, 5788.042991399964, 5733.259117522255, 5733.259117522255, 5610.526246322635, 5610.526246322635, 5402.365742497587, 5402.365742497587, 5402.365742497587, 5238.003307492846, 5238.003307492846, 5238.003307492846, 5238.003307492846, 5238.003307492846, 5238.003307492846, 5238.003307492846, 5238.003307492846, 5238.003307492846, 5104.973058373144, 5104.973058373144, 5104.973058373144, 5104.973058373144, 5104.973058373144, 5104.973058373144], 
[6781.306743525488, 6464.460849120476, 6237.598705013539, 6103.771595493038, 5897.780736808723, 5897.780736808723, 5703.357373183787, 5703.357373183787, 5617.358557898322, 5617.358557898322, 5528.964854790643, 5507.9749854984675, 5505.851380126262, 5344.878935873658, 5344.878935873658, 5344.878935873658, 5344.878935873658, 5344.878935873658, 5344.878935873658, 5344.878935873658, 5344.878935873658, 5344.878935873658, 5344.878935873658, 5344.878935873658, 5344.878935873658, 5315.367678787253, 5315.367678787253, 5315.367678787253, 5315.367678787253, 5315.367678787253], 
[6818.82372005344, 6555.544427336057, 6153.092050336173, 5870.885124630889, 5870.885124630889, 5870.885124630889, 5635.0385379971685, 5635.0385379971685, 5635.0385379971685, 5525.689624180443, 5525.689624180443, 5525.689624180443, 5525.689624180443, 5525.689624180443, 5488.853913811778, 5475.966641252269, 5438.9979065014295, 5438.9979065014295, 5301.637407194601, 5301.637407194601, 5301.637407194601, 5301.637407194601, 5180.032415494636, 5180.032415494636, 5180.032415494636, 5180.032415494636, 5180.032415494636, 5180.032415494636, 5133.392194363117, 5133.392194363117], 
[6894.2540488738905, 6533.300317473583, 6288.398248962288, 6219.541902345233, 5915.295902556598, 5870.501615523685, 5634.3616635130675, 5634.3616635130675, 5634.3616635130675, 5611.202643756019, 5527.196453769372, 5291.528874552386, 5291.528874552386, 5291.528874552386, 5291.528874552386, 5291.528874552386, 5291.528874552386, 5291.528874552386, 5291.528874552386, 5291.528874552386, 5291.528874552386, 5291.528874552386, 5291.528874552386, 5291.528874552386, 5291.528874552386, 5291.528874552386, 5291.528874552386, 5291.528874552386, 5252.3798393270745, 5252.3798393270745], 
[6991.830885263432, 6499.615564228266, 6499.615564228266, 6411.7233065833, 6190.408873967599, 5856.575926176751, 5856.575926176751, 5676.816957957778, 5643.619876653739, 5501.99748654015, 5501.99748654015, 5483.496595057487, 5483.496595057487, 5483.496595057487, 5483.496595057487, 5448.107421622774, 5432.840817184211, 5343.467057094067, 5343.467057094067, 5276.507714356117, 5276.507714356117, 5276.507714356117, 5276.507714356117, 5276.507714356117, 5276.507714356117, 5276.507714356117, 5276.507714356117, 5276.507714356117, 5276.507714356117, 5276.507714356117], 
[6828.270096698452, 6390.232631367577, 6332.23070985712, 6185.108134110226, 6102.101255990391, 6074.617057368758, 5896.748034202378, 5792.946307437811, 5723.409021562745, 5473.821820336222, 5439.727333146326, 5439.727333146326, 5439.727333146326, 5392.981243056231, 5392.981243056231, 5392.981243056231, 5345.623778701752, 5345.623778701752, 5345.623778701752, 5345.623778701752, 5345.623778701752, 5345.623778701752, 5345.623778701752, 5345.623778701752, 5274.530817942969, 5274.530817942969, 5274.530817942969, 5274.530817942969, 5274.530817942969, 5215.852230520662], 
[6977.050986953222, 6693.486184376, 6424.052765124254, 5982.9443372630685, 5982.9443372630685, 5709.4236008700655, 5709.4236008700655, 5704.383300099162, 5477.379408542994, 5477.379408542994, 5477.379408542994, 5477.379408542994, 5477.379408542994, 5477.379408542994, 5477.379408542994, 5477.379408542994, 5445.611251287489, 5436.513514306463, 5332.368530096308, 5332.368530096308, 5328.619278984765, 5272.11241417025, 5272.11241417025, 5272.11241417025, 5272.11241417025, 5272.11241417025, 5272.11241417025, 5272.11241417025, 5179.892630609587, 5179.892630609587], 
[6942.7721620743905, 6650.266752665539, 6377.424025683013, 6188.009977384955, 6062.313943414041, 5978.418050957332, 5853.953545136147, 5845.142372626305, 5568.894624511217, 5568.894624511217, 5537.8632143884515, 5537.8632143884515, 5498.855821097739, 5498.855821097739, 5408.542679405352, 5360.361644782528, 5296.622011731834, 5178.969897414516, 5178.969897414516, 5178.969897414516, 5178.969897414516, 5178.969897414516, 5178.969897414516, 5178.969897414516, 5178.969897414516, 5178.969897414516, 5178.969897414516, 5178.969897414516, 5123.084412414521, 5062.758671888404], 
[6852.159709813726, 6668.077819988006, 6450.494246500827, 6172.993721011183, 6090.0080383151535, 5860.907103654824, 5809.109961418728, 5808.93880682273, 5767.628654729229, 5645.158926719408, 5613.877779744255, 5533.483235069676, 5479.199980288204, 5479.199980288204, 5389.805868553073, 5389.805868553073, 5159.2144105488405, 5159.2144105488405, 5159.2144105488405, 5159.2144105488405, 5159.2144105488405, 5159.2144105488405, 5159.2144105488405, 5159.2144105488405, 5159.2144105488405, 5159.2144105488405, 5159.2144105488405, 5159.2144105488405, 5159.2144105488405, 5159.2144105488405], 
[6774.863283702897, 6697.337164110531, 6302.3412355856035, 6087.896156710783, 6079.869636278568, 5981.226395176112, 5683.423217665389, 5593.175836346083, 5593.175836346083, 5557.3545465002535, 5557.3545465002535, 5551.470712192238, 5418.391180974698, 5401.6439128101465, 5401.6439128101465, 5401.6439128101465, 5298.150495704986, 5298.150495704986, 5231.111127146616, 5231.111127146616, 5231.111127146616, 5231.111127146616, 5231.111127146616, 5231.111127146616, 5231.111127146616, 5231.111127146616, 5231.111127146616, 5231.111127146616, 5231.111127146616, 5231.111127146616], 
[6714.8956627234065, 6503.2171057760925, 6113.882746711977, 6113.882746711977, 5975.195602724905, 5975.195602724905, 5766.368975825075, 5630.012459928621, 5630.012459928621, 5581.541171068579, 5581.541171068579, 5466.888316216782, 5466.888316216782, 5440.085922542856, 5440.085922542856, 5440.085922542856, 5440.085922542856, 5440.085922542856, 5348.7526760900455, 5348.7526760900455, 5348.7526760900455, 5219.681215563011, 5219.681215563011, 5219.681215563011, 5219.681215563011, 5171.189875271648, 5171.189875271648, 5171.189875271648, 5171.189875271648, 5171.189875271648], 
[6855.8555097662165, 6621.734479412491, 6486.658175725502, 6098.424213731816, 6062.329616506168, 5923.632500830528, 5923.632500830528, 5842.030086164536, 5791.225173526295, 5660.952038602674, 5610.012362264388, 5572.204825646571, 5572.204825646571, 5561.844723342729, 5421.143789637219, 5421.143789637219, 5366.935432560577, 5366.935432560577, 5366.935432560577, 5304.941364396006, 5180.149718731659, 5180.149718731659, 5180.149718731659, 5180.149718731659, 5180.149718731659, 5180.149718731659, 5180.149718731659, 5072.358820414304, 5072.358820414304, 5072.358820414304], 
[6931.230695459762, 6660.108860124243, 6313.593062183402, 6247.215350091665, 5990.369859415798, 5848.538582860588, 5833.73547209688, 5729.2142210272505, 5680.039125232888, 5673.308377890768, 5441.0823832688475, 5441.0823832688475, 5302.5794313123515, 5302.5794313123515, 5302.5794313123515, 5237.623924775102, 5237.623924775102, 5237.623924775102, 5237.623924775102, 5237.623924775102, 5237.623924775102, 5237.623924775102, 5225.389932388757, 5225.389932388757, 5225.389932388757, 5225.389932388757, 5213.7126464520625, 5213.7126464520625, 5175.307789588961, 5175.307789588961], 
