[1798101142.1379242, 794859049.960859, 350529496.93146825, 144943311.59204063, 55824339.96228944, 23112654.79092511, 10447089.081463842, 4709346.912041043, 2166132.405712468, 947461.7731895916, 446501.42663798685, 259732.93795736376, 126972.54871175799, 77907.03280226132, 49892.883040060384, 33459.65010030803, 22516.924597507186, 16433.42454746525, 12934.885230076014, 10424.583793905336, 8444.958940314671, 7349.150186906895, 6179.983365691227, 5353.704762614033, 4912.619354564786, 4368.346346954844, 4066.5231813991513, 3834.221803771488, 3481.739697296025, 3214.774920641566], 
[1560550230.2677784, 611622366.4773698, 201120414.67754206, 104778566.15738864, 44352976.74495146, 14751666.674592128, 6301707.487529917, 3143062.5080477605, 1549517.500353907, 729426.1769230816, 356477.640770129, 222167.70039909685, 124524.5911745375, 78755.75812054508, 51536.01519486007, 34032.126697013315, 23744.05821749075, 16649.607298830517, 14529.985757686174, 10924.248440485215, 9181.332619497958, 7483.599550759879, 6670.233543160975, 5875.597446637788, 4921.797671039021, 4683.441233479466, 4298.471561296646, 3963.0848675237803, 3651.0538038391, 3467.564346499984], 
[1560377681.1459773, 624266055.0290356, 188554768.7755489, 83356168.79906459, 34915222.918033466, 14238571.235784756, 7362104.231748239, 3567927.94597991, 1592266.8994058564, 808694.627402476, 441658.5019837724, 219339.11551892685, 141450.88898633097, 86598.75560173785, 58496.90340689423, 40086.054687788404, 31564.370956197024, 24548.902552539123, 18336.46710951531, 14487.108468600254, 13036.551895384897, 10919.779147530478, 9500.49624321036, 7501.0383125509015, 7070.694463661719, 6334.581098498947, 5695.930842959107, 5327.109770168567, 4874.71127627554, 4610.067766137802], 
[1515239253.7268875, 713968585.2971982, 272136134.35033035, 101807009.2356976, 35556027.19601419, 11327758.383653732, 5254534.787042499, 2456547.684449046, 1261629.6276801098, 587578.5233981127, 319529.6224582908, 185406.14107853934, 96778.51088732402, 63573.95272921401, 38807.9115844588, 27699.575889338535, 20749.6685549478, 15161.31763966112, 11901.349399188566, 9837.935655777066, 7929.113388799327, 6579.7545088716015, 6246.084152489319, 5577.840103020333, 5247.637815986175, 4668.170993451889, 4465.520889857482, 4086.718779485902, 3907.617303378119, 3652.4252753361197], 
[1831405218.612038, 759345901.8099632, 285680673.5564153, 129568806.493067, 55485493.89443616, 22175694.67958228, 11323823.038619537, 4101702.3846569853, 1872358.726974092, 1111050.7904355393, 522759.2979029506, 282172.917114287, 168784.79121477963, 112665.67945232808, 67124.00716973153, 48094.75530366668, 33023.27307046326, 25071.90416117404, 18806.58959008647, 16031.003144003536, 13465.090616839654, 11594.914469628093, 9205.042608216974, 8288.86344333938, 7625.611534972351, 6990.099618091539, 6343.232117615771, 5753.104649027864, 5448.608649582694, 5100.84161892424], 
[1461325809.7306955, 684611725.5777991, 229869028.99661195, 89390223.19190381, 39097124.2958998, 16209491.731889686, 7796645.60685878, 3561285.4897065917, 1516309.0495012943, 792317.2945482178, 428698.4485835148, 224152.51059040116, 130291.57978697582, 86054.86897223428, 52227.87906261178, 38077.52587535457, 26333.982598841954, 18967.16968798703, 14859.117854714648, 12493.338502577108, 9879.774152179216, 8561.879667275316, 7716.877044830535, 6436.181343006827, 5503.27284538197, 5087.995281556153, 4749.483770741018, 4396.131192411803, 4022.765461903988, 3948.5723136319966], 
[1528254090.7940614, 661509182.6486104, 266651822.65944475, 98392066.03123821, 37022491.8744421, 15212137.885903878, 6107433.483930107, 3570338.215290484, 1613306.7613466429, 714797.4902892815, 344648.18330093846, 190887.24715610882, 111713.71512140603, 72852.8166697216, 46716.02032913693, 33228.57450778017, 21885.116367721545, 16786.30856249799, 13785.821919036067, 11018.733257782389, 8390.751826406322, 6969.281609505273, 6883.113698935283, 5932.563381800897, 5389.508737267785, 4757.260269596368, 4231.04725073672, 4231.04725073672, 3987.8042098379674, 3788.4221475107047], 
[1580677420.6906233, 676356513.7425979, 235563822.72856617, 102694193.2366064, 39702352.6407215, 14922530.027090294, 4932360.426450324, 2031686.043422777, 959456.9321677794, 511261.77327686775, 244001.54865924537, 130658.09156623499, 72240.77646235778, 43828.038625760775, 31542.41173084397, 20533.53389116949, 16090.423019913507, 12479.207412752745, 9608.661249697669, 8102.808824812728, 6721.611109507068, 6140.408083305692, 5311.152074020683, 4996.550875930125, 4273.032610325892, 4195.150776873715, 3840.4969315821054, 3637.463244674874, 3435.374010689212, 3244.0628096789924], 
[1770479248.1528702, 715291224.1454736, 297063028.0726514, 98529947.1830647, 43936152.23392304, 15805410.139409246, 6688918.271688864, 3255318.889873223, 1594965.6161734625, 714654.9883745225, 384357.6716848818, 198106.4156584574, 112000.8061526803, 67309.74041221084, 43093.28043413474, 27308.609608376482, 19423.064990048108, 14343.258429333648, 11100.536920356564, 8925.470631303851, 7585.889519242707, 6733.3278694326045, 5882.855026498144, 5110.925240086315, 4752.719271624108, 4299.640702403218, 3986.887119035316, 3777.6882330409194, 3537.580223519362, 3406.0495335740734], 
[1610610450.8133252, 697836277.2599367, 237592421.96181926, 90183264.99095866, 30142419.521831755, 12062700.348186973, 5162858.647442086, 2443429.9880471216, 1047167.8954199844, 486688.1327259921, 258085.43385298873, 143220.4395085038, 76048.8449408302, 55185.82144170875, 34505.73598974404, 22831.169847827645, 16042.164742409654, 12638.431722253592, 9898.390277462691, 8053.523492386312, 6806.888535493516, 5962.943750832266, 5301.597126448388, 4732.742674265277, 4183.349013822342, 3899.265283616725, 3657.854904771944, 3307.2431784502674, 3191.88435526151, 3031.642111240426], 
[1642506337.9157577, 677156335.6753591, 256795025.2793039, 104175990.73704672, 43471948.30165723, 16827353.402685333, 7978301.928352159, 2727678.480228354, 1333924.0647124879, 777491.8785850211, 380376.5559248463, 205359.50352902387, 113418.96814727555, 71430.29561988152, 45020.37294885396, 33038.12507802098, 21760.750017821916, 16169.915741333767, 12585.8523845813, 9498.898176069724, 8085.255881742651, 6748.956800983512, 5846.8107928153595, 5143.704678335849, 4910.183732314686, 4420.746697542622, 4060.8144434501733, 3786.343275719098, 3455.6297648069376, 3219.027417663906], 
[1925167732.2620814, 736780688.2965391, 218234690.0039512, 80855728.74943395, 34989157.9488215, 13045415.271373244, 6130883.951764949, 2678366.7257437157, 1257679.705236381, 585309.6122211423, 295121.646160144, 159712.94975826872, 99973.39228332406, 62438.27919437734, 35149.637302602154, 21997.052667552623, 17849.70389108175, 12950.040903166042, 9630.689740807942, 8031.562942521829, 6695.958673011792, 6177.599774653448, 5413.938493281783, 4744.998732909984, 4170.936380190779, 3956.261978595693, 3583.6054825887036, 3337.6104972518065, 3197.8553140587405, 2938.0482645800034], 
[1279075141.576213, 497240604.03465813, 194078254.0412497, 73132951.72417223, 32445068.277028695, 15065048.011830114, 6805610.213560692, 2897862.186493857, 1217438.1921678542, 552630.2461723865, 349231.9830765791, 188518.46933450698, 108653.92075296523, 61352.840819873876, 41903.00334231115, 30802.691106142374, 21187.769969614226, 18812.685924761583, 14474.073674401525, 11667.400776363622, 9988.824797038726, 8220.502867591807, 6880.470447958227, 6464.595279569235, 5747.106978297029, 5283.435166485474, 4871.255725072579, 4276.133250146809, 4150.454984597724, 3861.294020305027], 
[1618212742.1755788, 624083941.9253749, 248433284.0347353, 87644095.77384143, 38402292.85150782, 15709619.114231985, 6813702.117677624, 3465603.339217582, 1628982.4881262453, 761338.0757630196, 390559.485214356, 231942.3119735526, 137517.16669806957, 84555.79230487037, 59907.758677266924, 43171.10477643014, 31932.437932865265, 26452.6304759963, 21595.135718338563, 17793.658842502897, 16476.91366392297, 14722.032624102481, 12906.924910788865, 11925.742545341882, 9415.05168433142, 8882.49445941252, 7645.371326914274, 6128.501097553715, 5805.592779162383, 5625.398898139665], 
[1523316096.9452403, 620712900.1229455, 199688355.19373164, 73874681.7406829, 26193216.79359763, 10385760.510999149, 4641309.356969246, 1905934.6640312525, 1017368.4479608819, 522974.6755160271, 265619.4336175298, 131585.51196325908, 89817.22128005937, 53737.42238657919, 34173.69674509099, 24800.58724731353, 18820.93136717466, 14673.792901124953, 11813.631582946537, 10264.576272364175, 8813.495667740157, 7160.167358069698, 6793.66817498694, 6063.026430665974, 5467.544615879569, 5238.080230231934, 4927.180710382253, 4445.990734732288, 4244.208147647053, 4056.6968879399374], 
[1662555867.645198, 582786482.4801393, 219118102.94838226, 85903821.94815011, 34436555.69122211, 14529662.721327426, 5396920.668996858, 2585558.8199618915, 1123060.596151895, 606463.8152675885, 314179.11239722307, 184206.1148816951, 99777.44495743704, 66734.83732296537, 45483.47693866091, 30519.8585387882, 22527.235181119646, 18399.064820244985, 14414.630828273343, 11783.70480805168, 9011.003645295446, 7959.6115276855735, 6775.062914626678, 5906.648790516565, 5048.561243299179, 4712.115989315564, 4461.9750307337645, 4070.6115919114836, 3956.9822358038987, 3747.8154962048466], 
[1456887525.4539194, 500774705.9619037, 177040514.97905144, 57961917.2345324, 22706410.7829422, 8648128.717926858, 4528409.782544507, 1433136.771482479, 740923.2977951639, 451604.48916071386, 270908.0478193246, 146450.77605736308, 76377.24094041235, 54442.249369245226, 39990.00810190876, 25973.546965498314, 19617.6892209491, 15409.361057365142, 11869.231794490548, 10171.116395036073, 8332.435759373215, 7212.4755278449375, 6117.710621903774, 5535.043907745786, 4989.109789482423, 4745.172930211345, 4557.80410724552, 4219.369354143817, 3958.7369351488187, 3692.4438500859064], 
[1549924196.5096488, 606523574.2866007, 233061847.04851457, 95474856.88934775, 39064749.36224029, 16783495.488277283, 7041790.656563884, 2938531.7833989877, 1287460.4508881778, 573074.6913415729, 320215.87852754805, 177150.86960034506, 102848.42380585059, 60967.33909213416, 38489.435148474375, 26985.923704131437, 20086.258229733612, 15189.89894750705, 11838.679535153657, 9693.965646568473, 8074.379643655195, 7021.674565781128, 6353.00013496828, 5655.189184441677, 5123.3044081672615, 4775.921301833171, 4212.685454060857, 4088.647148231365, 3905.9335883364565, 3667.090836915397], 
[1346885322.379593, 478288647.0406602, 197121081.6314778, 79715773.77510436, 32015838.31606321, 13353234.622628976, 5233150.746973495, 2383137.765491905, 897222.2349580437, 517103.81592726416, 269561.72015966574, 143615.1221412818, 82249.67352501642, 48596.70416563415, 28369.30214432402, 20436.98366178615, 15481.810661545373, 12579.414312565013, 10119.837333198042, 8120.855856588529, 7011.972751548957, 5954.846526144726, 5338.80288672796, 5092.553866957834, 4715.337246996074, 4434.838210548313, 4112.302412428869, 3837.9684905150657, 3633.27222423075, 3576.0138515902067], 
[1787009489.1700742, 684206954.6537328, 263406890.9603273, 103085955.83364038, 41402600.17388025, 20175690.365722504, 8780869.241518667, 3242240.855332832, 1509046.6238459975, 760177.6659781568, 359216.1566792688, 195640.1811830836, 110245.71844888279, 58706.79351707545, 44064.365201722714, 31830.152919634646, 23211.5791343735, 16536.8146043138, 12909.001892425515, 10547.016890595665, 9051.346300722165, 7772.447896122495, 6744.299368076143, 5810.653837829037, 5277.944585075032, 4665.98243405439, 4366.104084489895, 4168.452423997354, 3902.736115492991, 3758.9515487707235], 
[1747490024.4321327, 773297197.9193245, 295711908.4501043, 111080940.52298628, 43384756.06841598, 18865345.532901965, 8088477.398117229, 3494750.2249295963, 1645318.5067589164, 746905.5078681196, 376218.6017016009, 203375.85371871057, 115315.34230617774, 66948.45609741074, 45888.16220425776, 30244.096891887544, 20419.25270382546, 15753.297283455835, 11959.117726141172, 9564.125093606868, 8321.145923119733, 7124.093623585237, 5778.76153848732, 5094.215115570468, 4835.934075892176, 4379.641721589505, 4140.579510761699, 3883.7872422254854, 3602.5403668453873, 3489.2269221420906], 
[1685222410.3595972, 654870934.1505681, 210671457.3329716, 96405743.60451938, 38491910.302999474, 15148828.098879607, 6612710.853370144, 2839465.3411211465, 1324376.9305224107, 566390.5129067836, 360496.6593274004, 218845.58919343218, 130248.31037843032, 79044.04015865238, 54204.30875098307, 35648.55592209426, 26745.95146093926, 20162.284114699658, 16389.957509461274, 13507.477494040675, 10905.543211582974, 9485.00177909244, 7820.669961650286, 7207.397979901268, 6553.57785020232, 5927.029765467459, 5465.801166812525, 4966.661736925828, 4529.165639543043, 4328.308944308776], 
[1433337490.5867958, 525930062.637651, 162706266.07445768, 70610418.27385995, 29463745.588362377, 12110707.846961532, 5194390.742215042, 2338611.6830599257, 987181.2406744004, 539715.4009864784, 242103.04349049667, 136493.90330320445, 76720.43134976763, 48446.25376283366, 31797.128752462548, 22833.61668202569, 16288.197310500758, 12303.473845417055, 9842.375526581918, 8469.616763632905, 6994.832550116128, 6214.366257043345, 5597.552593274571, 5069.69394016419, 4575.55231922531, 4195.978003682524, 3908.330226389201, 3585.686301783928, 3384.8898300437772, 3184.845476778919],
[1346885322.379593, 478288647.0406602, 197121081.6314778, 79715773.77510436, 32015838.31606321, 13353234.622628976, 5233150.746973495, 2383137.765491905, 897222.2349580437, 517103.81592726416, 269561.72015966574, 143615.1221412818, 82249.67352501642, 48596.70416563415, 28369.30214432402, 20436.98366178615, 15481.810661545373, 12579.414312565013, 10119.837333198042, 8120.855856588529, 7011.972751548957, 5954.846526144726, 5338.80288672796, 5092.553866957834, 4715.337246996074, 4434.838210548313, 4112.302412428869, 3837.9684905150657, 3633.27222423075, 3576.0138515902067],
[1515239253.7268875, 713968585.2971982, 272136134.35033035, 101807009.2356976, 35556027.19601419, 11327758.383653732, 5254534.787042499, 2456547.684449046, 1261629.6276801098, 587578.5233981127, 319529.6224582908, 185406.14107853934, 96778.51088732402, 63573.95272921401, 38807.9115844588, 27699.575889338535, 20749.6685549478, 15161.31763966112, 11901.349399188566, 9837.935655777066, 7929.113388799327, 6579.7545088716015, 6246.084152489319, 5577.840103020333, 5247.637815986175, 4668.170993451889, 4465.520889857482, 4086.718779485902, 3907.617303378119, 3652.4252753361197],
