[770740.4783188718, 513225.03379532084, 352198.9199531878, 233027.38288932858, 147241.15217061658, 96378.0095461064, 64234.22569314547, 46244.891961939815, 29183.4201391049, 21472.258132085688, 13626.470504658382, 9743.313974172826, 6557.968597123185, 4665.252673101852, 3220.335335683115, 2103.313302762925, 1707.7632759772334, 1266.3217897628613, 913.2639714731722, 747.1905423117705, 641.0640674378909, 527.1380961119871, 442.06367909414377, 405.6376318242693, 343.482508019145, 343.482508019145, 329.11581218940995, 293.05457416717593, 293.05457416717593, 291.54979267575766], 
[678271.5994417489, 464353.92354097706, 302653.4244623481, 178188.52327906384, 117916.91400140939, 78346.22750467672, 53946.147143710674, 37100.94078999572, 23240.05935794073, 16454.947152999026, 11703.171995108974, 7290.591811632662, 5211.85802171011, 3771.6447875735553, 2476.60049713082, 1859.2225861197546, 1283.2091405601057, 987.9216678225047, 791.0701204598118, 642.6262658053022, 580.8983541912168, 498.24524601546324, 426.40417051411873, 368.4059420646026, 339.72788669539517, 318.65787545481817, 318.65787545481817, 318.65787545481817, 318.65787545481817, 318.65787545481817], 
[692142.0612357398, 513493.3406468557, 322523.2488419826, 237030.61339516036, 158598.8848065096, 97628.33544030353, 65783.75483952332, 45193.16233685342, 31691.79130929109, 21645.607320676703, 14470.190266921043, 9139.29833432154, 6521.619525946349, 4390.631757726062, 3138.3429996447076, 2189.970876197533, 1613.1037022856074, 1195.2801271037413, 854.6509209067846, 711.7432476005704, 633.2557431212173, 549.0107148408553, 488.1347289447811, 434.6916494900983, 399.9788640901717, 379.72962037238966, 379.72962037238966, 338.71951051566117, 338.71951051566117, 338.71951051566117], 
[754700.860550865, 481156.2685107903, 308607.4455556935, 218444.85651177826, 136314.93314052667, 90146.8949503573, 63122.98713569001, 39668.19525803835, 29483.016943345894, 20212.89623949487, 14242.226144653556, 10161.894377141973, 7162.56847213729, 4839.4825399652445, 3660.9215506402356, 2695.474138682024, 1873.4138919884522, 1363.4698559884116, 956.0327325885171, 758.4558279810284, 670.2985455749654, 573.2550449811614, 489.54943133990986, 398.8765949004892, 398.8765949004892, 398.8765949004892, 347.4379291336461, 335.0574652412399, 334.2602585380108, 334.2602585380108], 
[692614.8457782381, 490638.1230598512, 302677.85873403394, 218922.6144711708, 141861.03941650662, 97017.05876371179, 63612.842153321784, 42429.387800305325, 30395.79236113079, 18160.980563641613, 11888.590327180627, 8540.188359528818, 5905.94841370723, 4376.474562482801, 2536.1042148175466, 2172.3706015497537, 1444.4256337977058, 1131.8066808579051, 881.1993860696989, 712.935869690979, 581.3916884180669, 487.3403911415882, 425.3839124597669, 397.69165120706987, 391.53697434658693, 361.0249098835838, 361.0249098835838, 361.0249098835838, 344.4150723954826, 329.4940993865782], 
[758638.968419316, 510885.3330930267, 342103.47262005636, 230775.66466204077, 153262.34415285877, 102695.81290241875, 67216.16020453174, 41929.485183585755, 29054.74312383214, 19899.33504883736, 13831.88336541456, 9519.520748540124, 6166.74289909626, 4558.912250889015, 3345.3158461166727, 2291.777972881312, 1639.7832544448029, 1223.3407534330854, 920.7794955039661, 730.5644824391554, 610.7687735794403, 515.587945134277, 460.09623366964314, 405.56831846682394, 397.55851262788445, 358.17652616703117, 352.4595953947638, 352.4595953947638, 348.2510361035292, 348.2510361035292], 
[699879.1035137448, 468698.04611288855, 302949.50923760067, 198221.32431999675, 143334.19725664123, 74526.9493646076, 52499.58650159509, 37428.36862958664, 24389.295391228003, 17311.164136535743, 12371.14060441132, 7624.881722566566, 5134.204346699828, 3550.9886702178005, 2504.5362976871415, 1873.9869371179493, 1331.672687171571, 1095.4488469903274, 807.6916215071124, 708.0999962904907, 544.7465383161801, 524.7344715077428, 480.07750017166444, 410.3779908245396, 393.0674902515023, 377.80326744888555, 356.9041974562252, 356.9041974562252, 356.9041974562252, 353.3271686264603], 
[702805.7539008127, 452946.34191623254, 339730.63207198505, 220850.81912650878, 148542.2432607918, 101494.77660161235, 65770.05499805901, 43475.70271067246, 29051.433843740073, 19680.873302163534, 14011.129142958256, 8922.796740383332, 5690.886265588933, 3960.6179684490057, 2944.3919555906277, 1854.480846308775, 1485.372265441485, 1125.7482187950077, 847.3445211926834, 727.146633785011, 666.7753416064642, 532.6919922200349, 480.5664921405506, 422.540730182338, 398.6504647334212, 372.6649018433255, 340.188587697608, 321.7573599350644, 321.7573599350644, 321.7573599350644], 
[656570.742501301, 439420.43277114583, 285872.0208693709, 196312.05793773444, 133658.72696485865, 88730.22346265845, 61563.95749340908, 40205.55988319542, 25576.879533514148, 17549.583884305437, 11021.091819171554, 7591.5189501608065, 5383.914603685035, 3611.2111071439094, 2577.6040609211027, 1835.1694529764113, 1309.3241142327718, 1053.0558136388756, 769.2641377893493, 627.8457801229298, 576.3241706908502, 497.07508760911503, 448.4228905759261, 377.2371882884019, 377.2371882884019, 352.1204411136897, 348.37127971829943, 338.00487878798526, 338.00487878798526, 306.8372060730851], 
[731920.7398313782, 469916.0265737723, 327835.20941383595, 221194.41310704802, 142195.94733323704, 95069.44891237402, 58071.40532096905, 42635.0536145803, 28084.57139953932, 20016.4120070401, 12697.760178442879, 8963.309037653911, 6254.839982703905, 4487.728107038665, 3152.746381905373, 2184.0283003866516, 1501.006615848241, 1165.664604228421, 911.5443720255017, 759.0203643330792, 607.5321244864862, 551.2470470248559, 409.5452725820847, 409.5452725820847, 409.5452725820847, 359.5346568904291, 359.5346568904291, 359.5346568904291, 340.7831179502403, 330.6304538567372], 
[729230.7791199419, 498431.88722743094, 307913.1943620864, 194937.58920141228, 134673.49820810888, 93886.0934888757, 57417.08469232583, 37781.30493998314, 24568.27503919682, 16449.872118882027, 10811.473168380606, 7329.7886806485585, 5015.634674775723, 3383.199200202508, 2505.219617726696, 1833.234628345198, 1406.5748628321642, 1095.7059143686372, 832.9813529458647, 664.7805551678011, 590.3015661400751, 473.34212818632574, 456.44443201500997, 394.51707711836485, 394.51707711836485, 368.32363530307777, 335.4702873885857, 321.09813700129683, 321.09813700129683, 321.09813700129683], 
[658765.3358090365, 464668.44102944504, 293581.70279894676, 173369.13681306608, 116392.59961906075, 72258.62743840874, 54757.01232215303, 34027.41131416154, 23260.069730431132, 14545.258330516352, 11053.564792857067, 6936.3598599025545, 4896.2576574484165, 3678.3027583430667, 2324.8169063111095, 1673.7150657478157, 1285.2564971466968, 900.8773227059964, 789.3475631873729, 684.1741997431044, 540.3229795266395, 470.87005938524754, 463.8121897995735, 421.397675397132, 388.1055739685165, 333.53313647269124, 333.53313647269124, 333.53313647269124, 325.9087205986253, 325.9087205986253], 
[732051.3816139901, 496328.06307109346, 312714.8247694292, 213416.7702577008, 145554.36300088887, 98801.59585522913, 65253.284963568396, 43510.34397323889, 26789.92187295847, 18960.238248954305, 11560.020525012264, 7774.585488632725, 5651.954664228707, 4305.594201641842, 3051.020933590689, 2179.7640795811203, 1567.7752324408136, 1137.8580545705065, 904.3210103966936, 719.5364526339707, 608.1057068436587, 550.8897251381302, 475.34593565138766, 443.40777236555493, 396.19336834703233, 331.54851109187086, 320.7424805521185, 320.7424805521185, 288.35289609255057, 288.35289609255057], 
[736042.435847071, 442910.5014683162, 284455.02936125884, 177190.98494416004, 109237.8411340937, 80991.68420360716, 55651.07977095416, 34223.452255615804, 24235.23972888512, 16241.824729885962, 11645.961353774232, 7753.283877942875, 5266.3882003763865, 3806.6699605840895, 2547.879736151774, 1836.1558198367977, 1398.8698759934432, 1089.041629823918, 855.6311862312722, 692.4052941864849, 591.9524749474276, 535.5948974298486, 445.6018279432067, 408.2589271827193, 386.52633554611117, 366.63362066922457, 322.71706711971433, 308.35779950666745, 305.67495934391434, 305.67495934391434], 
[738768.3556975481, 509111.1855906838, 336705.57123318204, 219318.94569705636, 159111.55345772946, 92693.68471221175, 61865.18974399813, 39800.051195352346, 30081.560617102186, 19413.661964459516, 13892.261581749297, 9329.417261771992, 6803.266168892519, 4632.137559713669, 3533.592866163813, 2518.4500819617747, 1809.9585468484602, 1344.726565303557, 966.9728038353085, 812.9369271017342, 660.4837690788376, 588.7487058606318, 521.7812610665585, 420.149760786074, 390.9766889709773, 390.9766889709773, 314.23454072069535, 314.23454072069535, 314.23454072069535, 314.23454072069535], 
[746607.965766129, 518316.15552443493, 325841.7910145951, 221904.3382386345, 138327.044849285, 90931.52094840337, 57898.8948407342, 38245.253273154805, 25327.35305264589, 16568.938507684445, 11135.112013513373, 7871.912263803408, 5325.782466393751, 3609.7257872334853, 2461.9033443760823, 1886.6707658491023, 1442.5827263981082, 1077.471094302691, 793.4537866703231, 639.7969544787371, 571.808438430706, 514.65476240583, 455.4612451035988, 410.59609095519966, 397.22381151061506, 377.77982451967745, 341.71543275720234, 327.46369741277493, 327.46369741277493, 327.46369741277493], 
[724360.6531125514, 469139.816872883, 293784.8656034166, 204555.62564308126, 127951.66881281881, 80244.75718030224, 60188.714295693106, 37892.449783358315, 26316.143868248462, 18843.735219809438, 12694.035501488033, 8112.639649682202, 5998.2336764245165, 4092.9926879471473, 2960.6029605635745, 2075.202835851972, 1420.6663098093343, 1155.0984706509319, 909.9430399457426, 739.2996870346651, 605.0668058244706, 517.4636230538572, 411.32405727690684, 380.5039863535176, 380.5039863535176, 359.35195103203876, 321.52808062127826, 321.52808062127826, 321.52808062127826, 315.8614828349008], 
[674720.7103754415, 431361.5346244334, 309050.3049827439, 197209.288399165, 144472.12109660974, 99413.44398353138, 61991.97289950722, 39656.107268022446, 26390.73200457055, 18722.529119906852, 13097.275233112616, 7652.631735312334, 5506.443025507149, 3815.1385858636363, 2560.5799392539147, 1873.61081650587, 1360.2953155342743, 994.3100163984604, 819.2363584896076, 702.7907020529698, 598.2679536225163, 476.2402116257311, 458.839878517862, 419.44223801682995, 393.7179784015436, 379.43442991632827, 345.12966879932856, 345.12966879932856, 307.56973412896673, 307.56973412896673], 
[777779.1358083377, 548767.1752402517, 372370.22344354837, 255119.1630039388, 156502.60893549284, 91466.4893312574, 70432.91131655358, 47083.29905640738, 31500.83769879946, 21566.679023974182, 14456.686532493664, 9521.395881345656, 6511.084835562484, 4361.111705990913, 2896.733808606555, 2064.3552748656707, 1494.7820141807997, 1113.2885955063857, 876.8754041655939, 730.2710441895052, 671.7281752627674, 552.3247563538175, 484.37874476928926, 441.1127770395796, 377.0675053716246, 335.52583264965233, 335.52583264965233, 297.99400540206034, 297.99400540206034, 297.99400540206034], 
[716131.5766120766, 489770.89311608585, 336333.7800099991, 215191.36240012018, 145694.30559925013, 99578.59155122667, 63236.574270860714, 37696.51779204122, 25586.592018042662, 17093.00062763916, 11470.175025670402, 8513.640826792973, 5347.011766224682, 4018.169542946253, 2786.440966362819, 1962.5326834125242, 1445.809539701264, 1116.2928114591698, 851.3907115460878, 727.4748607310427, 575.5578233861867, 508.51199781657675, 438.8714570462433, 414.61529280416374, 385.61123993093753, 378.2316444013693, 371.63866845637165, 350.45716116065324, 350.45716116065324, 333.2090107008728], 
[685837.8086397519, 455250.92356522684, 318179.4409726962, 191255.71650474198, 133618.06833301493, 91929.43140002308, 61403.668687741636, 41426.00390832553, 27055.488376478486, 18010.635321963753, 13311.612645281046, 8216.726410470594, 5598.453610519425, 3915.968779438865, 3103.617340663322, 2165.283007162996, 1496.8763761908551, 1132.8897100882887, 918.017742845563, 729.2136539947028, 547.3078265293544, 526.9331552835764, 491.38936729687816, 439.3251759905069, 435.563877658373, 395.0267677341601, 395.0267677341601, 385.52401515053396, 354.40106205032976, 354.40106205032976], 
[758928.751924043, 548607.8852486192, 352658.53986298846, 230656.33155166352, 143866.2928626582, 91675.22267565165, 64249.33746719301, 45173.91504892905, 30407.954861201564, 21474.398794970177, 13784.137401075634, 9104.139457487923, 6875.8326054798545, 4566.385127448714, 3281.6787898369694, 2124.420696975387, 1555.5876302181737, 1094.4561879530627, 898.1856142570608, 730.3423766531135, 583.7341282360222, 516.456053289347, 478.0895819099093, 385.75351977914363, 352.89665328715535, 348.2152508564561, 337.26442602146653, 322.7093978740061, 293.7569186773773, 293.7569186773773], 
[796877.8057649744, 514311.479046375, 326918.96436048555, 214363.0272169219, 134357.53785095032, 85847.7700253392, 64427.68905652935, 43359.70858952121, 28535.751824567746, 18562.554540367157, 13053.149810032124, 9286.221806304093, 5977.626440225415, 4147.951745580417, 2911.728267859812, 2082.1290947295133, 1454.713622435274, 1092.6126001666066, 892.1795052197403, 690.6257307371882, 619.0577205979857, 509.8260574020997, 492.8506975585502, 452.6606923638833, 433.11151444392635, 393.3565069910166, 365.3182142492044, 320.3869454398885, 311.06649076829933, 298.60495236578436], 
[676042.5553064151, 462325.5518314738, 317914.4065872676, 206196.59207150657, 135143.9900569541, 86109.23594613747, 62841.80169491691, 40296.2277275621, 26121.110277037966, 18404.818898442554, 12822.748919678837, 9001.273678212776, 6156.469789238736, 4195.8694808766695, 3010.851720708249, 2147.815966144311, 1568.7180586285795, 1235.167333303714, 981.7293474530578, 759.2394971660834, 611.7087859788442, 554.4478814006609, 498.136198176147, 432.18563727720573, 364.2962509944594, 364.2962509944594, 364.2962509944594, 364.2962509944594, 350.3009665603317, 350.3009665603317], 
[771811.8365305574, 517597.627087939, 348478.1475738716, 230649.3701090285, 149071.12267279613, 100213.93344919656, 68785.71482274226, 42730.97516622486, 31069.774209954325, 19521.051705417354, 13416.035123394506, 8483.77267815745, 5981.185126161189, 4052.681188167381, 2618.3250906446415, 1922.176669725099, 1410.0802356614654, 1039.447997166327, 808.8705125950056, 683.2850991506623, 579.4659347794212, 452.4228271336786, 423.39375180346593, 390.8525011457632, 371.73782216179586, 371.73782216179586, 337.74204497836536, 337.74204497836536, 337.74204497836536, 315.01857154023105], 
